x
-1 1
1 -177.133 369.468
2 -72.6023 47.0728
3 -35.1821 31.1148
4 -44.1436 37.2832
5 -27.6591 29.2869
6 -33.1332 26.0128
7 -21.9609 21.2362
8 -25.3 19.6667
9 -21.4038 25.4814
10 -27.9092 21.8297
11 -21.8263 22.7058
12 -21.4644 18.5126
13 -18.3344 18.7376
14 -578.0170000000001 4.91046
15 -36.1561 90.9567
16 -23.6415 29.9987
17 -5.41973 58.4062
18 -36.8756 12.1049
19 -7.4192 49.8122
20 -26.6904 11.1478
21 -4.00028 32.5323
22 -20.4995 18.4454
23 -9.570230000000001 35.6868
24 -16.9462 12.9283
25 -4.60975 29.3449
26 -17.0811 12.0815
