-0.00422607
0.00180922
-0.00106708
0.00566781
0.00838221
0.000381834
-0.00593911
-0.00155228
-0.00241064
0.00545774
0.00879602
-0.00201318
-0.00246664
-0.000350998
-0.00424536
0.0016839
0.00266263
0.0011708
-0.00270743
-0.00146186
-0.00455437
0.00668351
0.00880225
0.00232069
-0.00599217
-0.000500438
-0.00130013
0.00677315
0.0120801
-0.00154899
-0.00634277
0.000545785
-0.00166799
0.00326781
0.0116076
-0.00221817
-0.0044336
0.00248966
-0.00134702
0.00659802
0.0118799
-6.72962e-005
-0.00651469
-0.0018405
0.000723431
0.00472336
0.0120425
0.00121332
-0.00324367
0.00352614
-0.00058021
0.0050089
0.00883261
-0.00248018
-0.00112864
0.000610843
0.00091941
0.00574487
0.00635382
-0.0035362
-0.0050738
-0.000196777
-0.00149556
0.0031369
0.00821669
-0.000234698
-0.00116735
0.000438826
0.00354138
0.00477873
0.00813798
-0.00326079
-0.000928833
0.00157978
-0.00109362
0.00422493
0.00308336
-0.0068351
0.0015526
-0.000811957
-0.000710467
0.00780333
0.00248016
-0.00337027
0.00235134
0.00210805
0.00320312
0.00423456
0.00313961
-0.00513023
0.0021957
0.00322568
0.00243624
0.00716525
0.00406605
-0.00104371
-0.00095707
-0.00288238
-0.00311675
0.00368307
0.00121715
-0.00195767
0.000584247
-0.000744327
-0.00121266
0.00273578
0.00653538
0.00356927
-0.00329492
-0.00128367
-0.00248219
0.00174734
0.00209711
-0.000543516
-0.00486941
0.000492322
-0.00222667
0.00536383
0.0107451
0.0039123
-0.00313238
-0.00508294
-0.00299224
0.00491949
0.00694418
0.00121769
-0.00288697
-0.00913893
-0.00344233
0.00687651
0.00833169
0.00502511
-0.0107461
-0.00653043
-0.0048408
0.00482652
0.00730948
0.000310513
-0.00364087
-0.00678726
-0.00127101
0.0042982
0.00668122
0.00507752
-0.0060071
-0.00984904
-0.00375936
0.00365408
0.00433191
0.00554493
-0.00286769
-0.00817914
-0.00499105
0.00463884
0.00747292
0.007983
-0.0013863
-0.00471299
-0.00300488
-0.000633143
0.00334918
0.00509954
-0.00194137
-0.00236356
-0.00415939
-7.66103e-005
0.00404753
0.00482587
-0.00457649
-0.00633743
-0.00205868
0.00161619
0.00694908
0.00678049
-0.00410951
-0.00334502
-0.00283356
0.00178772
0.00436798
0.00536086
-0.00368825
-0.00553067
-0.00417994
-0.00108129
0.00444711
0.00826052
-0.00661288
-0.00613767
-0.00181332
0.00178767
0.00402796
0.00712954
-0.000474828
0.00256014
-0.00196264
0.000224646
0.00116272
0.00500526
-0.00489615
-0.00157678
-0.00714095
-0.00259457
0.00536999
0.00426333
-0.00597836
-0.00370696
-0.00295432
0.00054245
0.0079367
0.00705098
-0.0018703
-0.004945
-0.00773295
-0.00174664
0.00420545
0.00514221
-0.00213253
-0.00285738
-0.00676925
-0.00478289
0.00705674
0.00664957
-0.00424743
-0.00621003
-0.00442385
-0.00142488
0.00849381
0.006738
-0.00132701
-0.00410465
-0.00657498
-0.00278332
0.00619108
0.000712395
-0.00218757
-0.00775687
-0.00834968
-0.00183837
0.00869759
0.00421298
-0.00189203
-0.00578966
-0.00500071
-0.000205904
0.00763985
0.00361146
-0.00143054
-0.00216519
-0.00358324
-0.00299996
0.000816288
0.00117556
0.00132672
-0.0048896
-0.00829546
-0.00238525
0.00830749
0.00218748
-0.000646267
-0.00157191
-0.00364309
-0.00463786
0.000139455
0.00102622
0.00127884
-0.000362598
-0.00367977
-0.000168083
0.00159914
0.00216167
0.000670068
-0.00257908
-0.00404183
-0.00290257
0.00045914
0.00112341
0.000796318
-0.00210824
-0.00510222
-0.00100638
0.00368851
0.00432461
0.00207192
-0.00466315
-0.00634066
-0.00350443
0.00539311
0.00177922
0.00629634
-0.0016481
-0.00247778
-0.00337011
0.00287494
0.00700253
0.00643319
-0.00298252
-0.00391527
-0.00180654
0.000412827
0.00502075
0.00393084
-0.00262456
-0.00538412
0.000401262
0.00592765
0.0018908
0.00179878
-0.00381052
-0.0041915
0.00122157
1.31125e-005
0.000428695
0.0035696
-0.000552224
-0.00181892
0.00145603
-0.000888591
0.00480649
0.00505319
0.00393824
-0.000684342
-0.00426161
-0.0029934
0.00410373
0.00117216
-0.00471877
-0.00122642
0.00159924
-0.00215509
0.00230817
0.00318288
-0.00103175
-0.00183496
-0.00318376
-0.000931453
0.00755378
0.00541289
0.00125671
-0.00325662
-0.00617551
-0.00273569
0.0039858
0.00108596
-0.00432406
-0.00100911
-0.000673788
0.00394008
0.00707424
0.00601952
-0.00199158
-0.00797096
-0.00577739
0.00059618
0.0093777
0.00702844
-0.00113041
-0.00361282
-0.00157151
0.00519916
0.0115866
0.000862386
-0.00321081
-0.00473728
-0.0052622
0.00438365
0.00191804
0.0028878
0.00345139
5.4758e-005
-0.00223981
0.00629737
0.00360615
0.0043599
-0.00352125
-0.00481421
-0.00288723
0.00183152
0.00387854
0.00415962
0.00196016
-0.000371741
-0.00220597
0.0022523
0.00433241
-0.00123911
0.00160661
-0.00172371
-0.000523189
0.00358517
0.00178458
-0.00262672
-0.000502067
0.00236386
-0.000315283
0.00370175
-0.00356395
0.00221811
-3.44063e-006
-0.00272443
-0.00172537
0.00555825
0.00432789
-0.00379584
0.000310325
0.00140048
0.000370138
0.00295544
-0.000516957
-0.0015379
0.00225739
-0.00227892
-0.000505324
0.00377629
-0.00131904
0.000556271
0.00444036
-0.00348552
-0.00195369
0.00310485
-0.000590722
-0.00402439
0.00262621
-5.54483e-005
-0.00107588
0.00558394
0.00109989
-0.00249025
0.00533074
-0.00224065
-0.00227495
0.00595718
0.00401505
0.000630102
0.00284637
0.000381454
-0.00168246
-0.000607353
-0.00158136
0.00399931
0.00346626
-0.000144392
-0.0047037
-0.0067534
-0.00682384
0.0035842
0.00664621
0.000332707
-0.00232642
0.0031057
0.0041637
0.00498495
0.00408832
-0.000587679
-0.00318248
-0.0015696
0.000950229
-0.00239673
-0.00245879
-0.00334057
0.00243382
0.00771077
0.000241581
-0.00727382
-0.00357676
-0.00470552
0.0051192
0.00699586
0.00117275
-0.00308888
6.06557e-005
0.00106431
0.00554508
0.00949834
0.00313551
-0.00674871
-0.00302862
0.000545242
0.00683853
0.00884201
0.00293225
-0.00726218
0.000145609
0.000235798
0.00567306
0.0104867
-0.000480324
-0.0045381
-0.00170513
-0.00324645
0.00343593
0.0107593
0.00187325
-0.00605207
-0.00205624
-0.000344887
0.00382092
0.00972375
0.00133213
-0.00418375
-0.00192955
-0.00446243
0.00420488
0.00725835
0.00326802
-0.00319401
-0.00356058
-0.00490091
0.000154805
0.00735226
0.00130397
-0.00448934
-0.00251243
0.00379848
0.00579705
0.00643673
-0.00199924
0.000227321
-0.0035992
-0.0031043
0.00294187
0.00446881
0.00477443
-0.00363921
-0.00563547
0.00221457
0.00543888
0.00726365
0.00361312
-0.00426005
-0.00124847
0.00447449
0.0065601
0.000947279
-0.0050255
-0.00235785
-0.00283109
0.00509331
0.0100197
0.00201047
-0.000901363
-0.00563109
-0.00727566
0.00298624
0.00772886
0.00656718
0.000309845
-0.000766206
-0.00680564
0.00312409
0.00926772
0.00322098
0.00411778
-0.00439051
-0.00317802
0.00248644
0.00738412
0.00394741
0.000868603
-0.00410342
-0.00199927
-0.000686191
0.00721417
0.0156007
0.00406778
-0.00218399
-0.00721862
-0.000277406
0.00553729
0.00302256
0.00359751
0.000230935
-0.00112057
-0.00326719
0.00382948
0.0112035
0.00173417
-0.0104667
-0.00591553
-0.00269051
0.00267574
0.00916731
-0.00251805
-0.00645412
-0.00177483
0.00683907
0.00581518
0.00967022
0.00328656
-0.00589141
-0.00575798
-0.00521223
0.00109374
0.00567933
-0.00196659
-0.00490567
-3.2944e-005
0.00323007
0.00678869
0.0075535
0.000868146
-0.00237183
0.00011227
-0.000511958
-0.00132989
0.00291367
0.00390422
-0.00277109
-0.00221831
-0.00495363
-0.00269719
0.00500857
0.00789254
-0.00451894
-0.00264268
-0.00257034
0.00113252
0.00604306
0.00549147
-0.00140052
-0.00685732
-0.00448217
0.000555869
0.0117801
0.0101982
-0.00569029
-0.00463172
-0.00376766
0.00105838
0.00387479
0.0120457
-0.00484908
-0.00570496
-0.00314655
0.000913167
0.00402201
0.00984587
-0.00224629
-0.00808244
-0.00577772
0.0006524
0.0110909
0.0111849
0.00255565
-0.00644641
-0.00605104
0.000627469
0.00672511
0.00870122
-0.00444684
-0.00322852
-0.00137912
-0.00155997
0.0067121
0.0103547
-0.00522504
-0.00474946
-0.00385239
-0.00396147
0.00526816
0.00544282
-0.000757511
-0.00345385
-0.000305394
-0.00364105
0.00670175
0.00436604
-0.00386111
-0.00692632
-0.00273883
-0.00553451
0.00878746
0.00806797
-0.00341846
-0.00482979
-0.00561773
-0.00393996
0.00512418
0.00661048
-0.0047143
-0.00732974
-0.00894656
-0.00198404
0.00772035
0.00599342
-0.00194792
-0.00652411
-0.0100822
-0.0039645
0.0111416
0.012351
-0.00139191
-0.00653445
-0.0094452
-0.00158
0.00955925
0.0103819
-0.0016668
-0.00278611
-0.00655042
-0.00184321
0.0074406
0.00530781
0.000516056
0.00134976
-0.00318975
-0.00477933
-3.24842e-005
0.00271671
-0.00202427
-0.00332661
-0.0060204
-0.00251137
0.00658666
0.00789264
0.00467994
-0.00069279
-0.00376189
-0.00360542
0.00276821
0.00563197
0.00116115
-0.00173507
-0.0069412
-0.000437385
0.00242192
0.00530253
-0.000858486
-0.00751496
-0.00743636
0.000482232
0.00450634
0.00179789
0.00308416
0.00153486
-0.00484903
-0.00334936
0.00460178
0.00747374
0.00193994
-0.00384842
-0.00945276
-0.00443294
0.00273977
0.00687326
-0.000433907
-0.0046992
-0.00571757
0.00191457
0.00495253
0.00133432
-0.00153955
-0.00425176
-0.00534002
-0.00328592
0.000773513
-0.000609215
-0.00030768
-0.00520187
-0.0062282
-0.00158186
0.00621717
0.00895489
-0.00230425
-0.00553871
-0.00677377
-0.000547526
0.00494835
0.00706356
0.00228475
-0.0042015
-0.00433223
-0.0022408
-0.00181293
0.00402516
0.0023078
-0.00422289
-0.00850763
-0.00324981
0.00301253
0.00620718
0.00228244
-0.00485037
-0.0062053
-0.0015218
0.00408103
0.00856656
0.00529882
-0.0050356
-0.0071652
-0.0016536
0.00699855
0.0106787
0.00192132
-0.00454533
-0.0101135
-0.00445018
0.00407518
0.00776338
0.00476756
-0.0040141
-0.00570926
-0.00313578
0.00413571
0.00551444
0.00537463
-0.00514067
-0.00774703
-0.00203431
0.00415583
0.0117866
0.00939917
-0.00490147
-0.00892362
-0.00526853
0.00227311
0.0129825
0.0018438
-0.00181224
-0.005288
-0.00428305
-0.000936077
0.00130082
0.000686189
0.00220972
0.00242224
-0.00018586
0.0037829
0.0018877
0.00183809
-0.00308587
-0.00679161
-0.00734964
0.000458628
0.00569989
0.00109128
0.00222601
-3.5655e-005
-0.00685787
0.000836005
0.00566243
-0.000888585
0.000658023
-0.00145246
-0.0014912
0.0034401
0.000419527
-0.00546066
-0.00148941
-0.00394292
-0.00169496
0.00449103
-0.000852847
-0.000686252
0.0036103
-0.0034225
-0.00373694
0.00456026
0.00277913
-0.00045174
-0.00125975
-0.00762462
-0.00306885
0.00430254
0.00369837
-0.00579395
-0.000368683
-0.0049292
-0.00364265
0.00519638
0.000458192
-0.00363678
0.00120027
-0.00179561
-0.00362825
0.00438495
0.00177107
-0.00213773
-0.00235701
-0.00626193
-0.00179547
0.00648333
0.00306588
-3.02847e-005
0.00284049
-0.00155714
-0.0012778
0.00696217
0.00249733
0.000430492
0.00242372
-0.0043124
-0.00583941
0.00160222
0.00215853
0.00212449
0.0025901
-0.00435237
-0.00807321
-0.00300568
-0.00154699
-0.00014746
0.00355347
-0.00318604
-0.00411482
0.00619057
0.00147548
4.23501e-005
0.00336891
-0.000435823
-0.00439559
0.000875205
0.00385062
-0.00704913
-0.00183334
-0.00160673
0.00473027
0.00542881
-0.00319906
-0.00676474
-0.00146056
-0.00109521
0.00542159
0.00414042
-0.00205019
-0.0067731
0.00192075
0.00112871
0.00969794
0.0105442
-0.000700816
-0.00158612
0.00118718
0.00125187
0.00557408
0.00706441
0.000990194
-0.00419061
-0.0029245
-0.00192045
0.00253605
0.0071346
-0.00172003
-0.00240669
-0.00529833
-0.00574914
0.00191953
0.00373374
0.00275373
0.00124547
0.000754394
-0.00262101
0.00579543
0.0101243
0.00505619
-0.000834493
-0.00295197
-0.00768746
0.00133784
0.00836358
0.00961656
-0.000797026
-0.00554714
-0.00348723
5.71534e-005
0.00362447
0.00322892
-0.00288607
-0.00704253
0.00175337
0.00309377
0.00565744
0.00187552
-0.00168693
-0.0046979
-0.00671347
-0.000961985
0.00837461
0.00821904
0.000123928
-0.00107551
-0.00295458
-0.000417219
0.00692466
0.00627497
-0.00637867
-0.00734584
0.00113767
0.00206266
0.00300444
0.00152115
-0.00232967
-0.00618438
-0.00176298
0.00227203
0.00205916
0.00508874
0.00018851
-0.00311955
-0.0041597
-0.00154467
-0.000152508
0.0010304
0.00308563
-0.00646651
-0.00244208
-0.000731226
0.00650275
0.00443957
-0.000209595
-0.00531241
-0.00271864
0.000584466
0.000116493
0.0042954
-6.38664e-005
-0.00179491
-0.00411286
-0.00140418
0.00696287
0.00373756
0.00167844
-0.00784731
-0.00444993
-0.00218663
0.00506152
0.0065567
-0.000491962
-0.00706946
-0.00507395
-0.00112158
0.00833941
0.0110541
-0.00221104
-0.00610797
-0.00581362
-0.000816426
0.00502013
0.00410235
-0.00361366
-0.00243238
0.00399211
0.00508235
0.00389023
0.00429449
-0.00300553
-0.00901121
-0.00552617
-0.00420066
0.00624406
0.00612198
-0.00572361
-0.0016063
0.00141611
0.000319076
0.00874659
0.00177522
-0.006646
-0.00580286
-0.00065362
-0.000417684
0.00308445
0.00634947
-0.00351875
-0.00835782
-0.00194238
0.000487288
0.00797288
0.00823147
-0.00755206
-0.00345491
-0.00183565
0.000391707
0.00311619
0.000307666
-0.00440926
-0.00605649
-0.00211824
0.00127734
0.00752997
0.00689705
-0.00501225
-0.00970282
-0.00460851
-0.000842749
0.00680976
0.0073685
0.000643961
-0.00711929
-0.00646504
-0.00341881
0.00343603
0.00770778
-0.00255172
-0.00853332
-0.00587509
-0.000429674
0.0102955
0.00963354
-0.00192336
-0.00919083
-0.0101784
-0.00678721
0.00817573
0.0096519
0.000246675
-0.00401406
-0.00421202
-0.00360752
0.00144656
0.00632444
-0.00203925
-0.00760762
-0.00820518
-0.00698182
0.00405127
0.00603373
-0.00315877
-0.00550128
-0.0080076
-0.00732261
0.00908182
0.0108353
-0.000938735
-0.00815236
-0.0112925
-0.00870313
0.0104602
0.00930387
0.000614024
-0.00476144
-0.00779688
-0.00778879
0.00769015
0.00706227
0.000381734
-0.00390488
-0.0100524
-0.00646023
0.0076641
0.00625178
-0.00159812
-0.00495333
-0.0105237
-0.00825266
0.00766356
0.0118291
0.000386086
-0.0027191
-0.0051791
-0.00574932
0.00574924
0.00795942
-0.00217527
-0.00256758
-0.00493441
-0.00372339
0.00530718
0.00581295
-0.00133262
-0.00110056
-0.00340489
-0.00394439
0.00158054
0.00312503
-0.00126498
-0.00300252
-0.00273622
-0.00187671
0.00680725
0.00808028
-0.00317415
-0.0042614
-0.00586335
-0.00174735
0.00389807
0.00448635
0.00345627
0.00228877
-0.00223738
-0.00601817
0.0038449
0.00982602
0.00405082
-0.00166941
-0.00848016
-0.00719108
0.000597854
0.00649666
0.00138743
-0.00216043
-0.00363859
-0.00238033
-0.000714749
0.00601553
-0.00108909
-0.00651177
-0.0074847
-0.00582967
0.00200142
0.00592875
0.000357803
-0.00358187
-0.00583626
-0.00131083
0.00273858
0.00612792
-0.00296197
-0.00675103
-0.00833921
-0.000433816
0.00621339
0.00448678
-0.00432458
-0.007695
-0.00873469
-0.00260755
0.00772272
0.00435164
-0.00146489
-0.00768804
-0.00884816
0.00209807
0.00598372
0.00588909
-0.00219749
-0.00762341
-0.00731714
-0.00101947
0.00227118
0.00268923
0.00322927
-0.00642517
-0.00525435
-0.00556299
0.00181713
0.00604776
0.00238231
-0.00652777
-0.00841785
0.00179492
0.00280119
0.00531992
0.00499945
-0.00647866
-0.0084941
-0.00715089
0.00145067
0.00609034
0.00367658
-0.00540151
-0.00642048
-0.00715801
0.00016619
0.00989613
0.00619057
-0.00616619
-0.01083
-0.00941795
-0.00183213
0.0109036
0.00464278
-0.00695833
-0.00761251
-0.00816704
0.00189422
0.0114401
0.00540088
-0.00555539
-0.0106009
-0.00651261
0.000906811
0.0125141
0.00481302
-0.000820813
-0.00704242
-0.0100933
-0.00263965
0.00518067
0.00224719
0.000631576
-0.00340523
-0.00723838
0.00191897
0.00410466
0.00340188
-0.00312634
-0.00845601
-0.0087767
-0.0016615
0.00685238
0.00507115
0.000366955
-0.00444483
-0.00742206
3.95416e-005
0.00682273
0.000925782
0.0010694
-0.00441285
-0.00703855
0.00128157
0.00437334
0.00115392
-0.00133402
-0.00740391
-0.00634303
0.00463082
0.0053042
0.00162691
-0.000485018
-0.00579132
-0.00904176
0.000287256
0.00453926
-0.000531346
0.000842108
-0.00551141
-0.00561459
-0.00280571
0.00539167
-0.00424916
-0.00182122
-0.007216
-0.00393947
0.00523403
0.00195361
-0.00325151
0.00260738
-0.00346807
-0.00468408
0.00502548
0.00213365
-0.00652576
0.00316996
-0.00255268
-0.00220273
0.00314458
-0.000562901
-0.00285676
0.000934954
-0.00424189
-0.00394203
0.007378
0.00175011
-0.00389764
0.000749462
-0.00355102
-0.00301813
0.00575627
0.00145572
-0.0067249
0.000110699
-0.00258714
-0.00330457
0.00331668
-0.000324599
-0.00468586
0.000354277
-0.00597105
-0.00380163
0.00758737
0.00268194
-0.00324122
0.00279064
-0.000104461
4.56547e-005
0.00574502
0.00141057
-0.00983353
-0.00361047
-0.00321423
0.00728316
0.00986626
-0.00433084
-0.006612
-0.00321197
-0.00357305
0.00465604
0.00687506
-2.7423e-005
-0.00697964
-0.000873014
0.00378629
0.00598876
0.00854361
-0.00342991
-0.00434395
-0.00119624
0.000433284
0.00459341
0.00997615
0.00203126
0.000297963
-0.00258108
-0.00648641
0.00261436
0.00824881
0.00446933
0.00257686
-0.00533765
-0.0109458
-0.00528447
0.00887935
0.00918067
0.00397659
0.00381484
-0.00289432
-0.000835881
0.00999948
0.00684352
0.00859247
-0.00175115
-0.00917842
-0.0075395
0.010061
0.0145745
0.00196159
-0.00535465
-0.0131989
-0.00774778
0.00720798
0.0098988
0.00252578
-0.00401054
-0.010219
-0.00798483
0.00191394
0.00571452
0.00952118
-0.00142322
-0.00920824
-0.00885407
0.00756476
0.0145921
0.00661919
-0.00105594
-0.0040527
-0.00457714
0.0046845
0.00507243
0.00191567
-0.0025659
-0.00512622
-0.00423518
-0.00269142
0.0024879
0.00115315
-0.0061717
-0.00408318
-0.00310591
0.000889392
0.00585072
0.00361325
-0.00181618
-0.000112658
-0.00124465
0.00221239
0.0067928
0.00395063
-0.00307966
0.000776175
-0.00115452
0.0051034
0.0070712
0.00111541
-0.00667396
-0.0026462
-0.000877893
0.00218491
0.00773813
0.000698184
-0.00630903
-0.00580437
-0.00209142
0.0117379
0.00863947
0.00057046
-0.00577574
0.000419834
0.00106666
0.0042793
0.00274366
0.00012124
-0.00422176
-0.000877769
0.00138519
0.00654909
0.00278635
-0.00108494
-0.00640777
-0.00390023
-0.0054683
0.00756591
0.00827651
-0.00471476
-0.00280205
0.000970314
-0.00035678
0.00936014
0.0053724
-0.00045412
-0.00445838
-0.00139393
-0.00273662
0.00208092
0.00137545
-0.00477063
-0.00264677
-0.00141109
-0.000410415
0.0129164
0.00261661
-0.00782901
-0.00544373
-0.00082144
0.00428764
0.00659913
0.00112733
-0.00459351
-0.00587988
8.02049e-005
-0.000147751
0.00821451
0.00472022
-0.00790203
-0.00411582
-0.00313867
0.00219216
0.0117625
0.00212781
-0.00122811
-0.00167998
-0.00414314
-0.00105429
0.00918102
0.00591494
-0.00275277
-0.00452674
-0.00706525
-0.00132385
0.0127767
0.00879431
-0.00770802
-0.00724051
-0.0112663
-0.00654069
0.0110923
0.0124575
-0.00281096
-0.0048719
-0.00822393
-0.00516412
0.0114335
0.00544282
-0.00830724
-0.00941844
-0.00720533
-0.00522874
0.0123825
0.00785888
-0.00775838
-0.00696533
-0.00579906
-0.00317217
0.0103696
0.0126361
-0.00437225
-0.00608981
-0.00538515
-0.00380758
0.0103215
0.0078441
-0.0147387
-0.00813164
-0.00408828
-0.00240578
0.0100531
0.0053259
-0.00524643
-0.00567777
-0.00575524
-0.00219659
0.00596771
0.00893579
-0.0034968
-0.00333709
-0.00789902
-0.00346407
0.00822376
0.0073222
-0.00139834
-0.00331206
-0.00918034
-0.00342863
0.00370123
0.00591963
-0.00326842
-0.00454435
-0.00752269
-0.00378296
0.00913433
0.00685968
-0.00418411
-0.00554051
-0.0087112
-0.00399567
0.0107638
0.00718758
0.00257785
-0.000812999
-0.00174764
-0.00164725
0.00532919
0.00530066
-0.00249308
-0.00390027
-0.00402877
-0.00293723
0.00459091
0.000116469
-0.00297148
-0.00250398
-0.0040648
-0.00135865
0.00825132
0.00674493
-0.0067713
-0.00430256
-0.00400559
-0.00083588
0.0078295
0.00589486
-0.0046621
-0.00351098
-0.00269564
0.00175596
0.00998024
0.00137389
-0.00970093
-0.00794554
-0.00692686
-0.00101377
0.006083
0.00076133
-0.00870292
-0.0052119
-0.00460281
0.00313024
0.0130333
0.00378686
-0.00817789
-0.00463613
-0.0057448
0.00220012
0.011765
0.00181363
-0.00766406
-0.00613074
-0.007403
0.000133544
0.007998
0.00385567
-0.000252436
-0.00428145
-0.00672325
0.00130587
0.00528042
0.00487165
-0.00704867
-0.00574521
-0.00425276
0.00109676
0.0063039
0.00142588
-0.00279481
-0.00100397
-0.00346493
0.000919116
0.00405422
0.00533055
0.00319338
-0.00490574
-0.0066886
0.000445875
-0.000556694
0.00591503
0.00378275
-0.00675844
-0.00774887
-0.00463011
0.00157808
0.00441316
0.000203983
-0.00301609
-0.00586959
-0.00156168
0.00596878
0.00933156
-0.000929087
-0.00777368
-0.00799016
-0.00241842
0.00743827
0.0086509
0.00312542
-0.00509918
-0.0049575
-0.00356054
0.00485198
0.00757587
0.00260248
-0.00555493
-0.0091719
-0.00403243
0.00547724
0.00739715
-0.00136991
-0.00431982
-0.00361918
-0.00254566
0.00494089
0.00405168
0.000132404
-0.00440735
-0.00937733
-0.005057
0.00603375
0.00772925
0.00127473
-0.00129802
-0.00511618
-0.000271227
0.00206941
0.00576339
0.00343645
0.00293685
-0.00401856
-0.00377148
-0.00106097
0.00633988
0.00153675
-0.0017188
-0.00890768
-0.00539497
0.00567651
0.00729564
0.00597904
0.00152355
-0.00763822
-0.00481053
0.00224601
0.00686658
0.00140032
0.0028937
-0.00591429
-0.00152603
0.00293809
0.00461792
-0.0025695
-0.00165124
-0.00566866
0.00122131
0.00439954
0.00581723
0.000148026
0.000552473
-0.00888081
-0.00391035
0.00215505
0.00407799
0.00283532
-0.00336958
-0.00628088
-0.00470713
0.00481619
0.00300017
-0.00546175
-0.000731231
-0.00412328
0.000873571
0.00443855
0.00140871
-0.00356244
0.00107705
-0.00710648
-0.00115157
0.0101959
0.00417854
-0.00138479
-0.0032505
-0.00912211
-0.00685754
0.00655721
0.00336135
-0.00296917
-0.00229655
-0.00669904
-0.000360918
0.0107704
0.00404456
-0.00482347
-0.00134978
-0.00863963
0.000661834
0.00790982
8.27632e-005
-0.00375992
-0.000287808
-0.00135245
0.00169996
0.00399058
-0.00330551
-0.00622006
-0.00633792
-0.00497867
0.00469614
0.00884008
-8.39983e-005
-0.0103488
0.000703458
0.00234241
0.00603076
0.00144802
-0.00556808
-0.0043736
-0.00140872
-0.000909135
0.00358281
0.00961556
-0.00125088
-0.0023202
-0.00129721
-0.00199651
-0.000979886
0.0119078
0.00453831
-0.00351632
-0.00473692
-0.00181498
0.00441204
0.00755674
0.0017612
-0.00288942
-0.00896085
-0.00552702
0.000936808
0.0118874
0.00695375
0.00182743
0.00164155
-0.0057803
-0.00552443
0.00825552
0.00738088
0.00710248
0.00201614
-0.0098289
-0.00628357
0.00800116
0.00834426
0.00269303
-0.00178263
-0.00672456
-0.00423141
0.0104703
0.0112187
0.00571073
0.00127017
-0.00815789
-0.00245514
0.00771452
0.00742588
0.00552676
0.000359959
-0.00689575
-0.00854367
0.00475258
0.00815754
0.00175268
-0.0031997
-0.00521397
-0.00245531
0.00330252
0.00401268
0.00499138
0.00301652
-0.00547111
-0.00451375
0.00456365
0.006408
0.00474784
0.000300491
-0.00380682
-0.0022063
0.00828179
0.0069562
0.00185335
-0.00420068
-0.00208766
-0.000932735
0.00183331
0.00693658
0.000171208
-0.00452531
-0.00223495
-0.00461585
0.00413015
0.00676222
0.00555099
-0.00615697
-0.00434316
-0.00262787
0.00578111
0.00827577
0.00480759
-0.000738685
-0.00578186
-0.00982137
0.00348597
0.00729861
-0.000327327
-0.00556417
-0.00050103
0.000608858
-0.000342018
0.00374688
0.00218045
-0.00217777
-0.00138665
-0.0024665
-0.000615313
0.00193724
0.00376024
0.000512785
-0.00237187
-0.00446201
0.00320537
0.0052979
0.00367757
0.00081772
-0.00218511
-0.00778121
0.00465361
0.00384262
-0.00025027
-0.00303385
-6.75078e-005
-0.00369567
-0.0026141
0.00252653
-0.00740893
-0.00336057
-0.000904199
-0.0024113
0.00589784
0.0030934
0.000712472
-0.00155258
-0.00118139
-0.00257226
0.00359368
0.005735
-0.00282429
-0.00233948
0.000556342
-0.00125634
0.0039081
0.00270419
-0.00615408
-0.00355566
-0.00254371
-0.000396069
0.00922649
0.00551501
-0.00110141
-0.00378843
-0.0057007
-0.00507719
0.00909385
0.00931322
-0.00360424
-0.00196309
-0.000435133
-0.00154434
7.43122e-005
0.00172406
-0.00178248
-0.00575695
-0.00329443
-0.00315028
0.00487385
0.00772283
-0.00432102
-0.00422621
-0.00645903
-0.00718146
0.010166
0.0104852
-0.0078745
-0.00974382
-0.00815658
-0.00306008
0.0131405
0.0119757
-0.00209043
-0.00727536
-0.00654789
-0.0054645
0.00954336
0.00724797
-0.00259828
-0.00856455
-0.00964177
-0.00272568
0.00941775
0.0102052
-0.0105714
-0.00950932
-0.00506028
-0.00227717
0.0107113
0.00949755
-0.00303327
-0.00642335
-0.00584756
-0.00412138
0.00806285
0.0116218
-0.00366055
-0.00886974
-0.00685518
-0.0032121
0.00819397
0.00898507
4.32654e-005
-0.00907043
-0.00959841
-0.00678891
0.00934894
0.0146845
-0.0036661
-0.005778
-0.00440562
-0.00444804
0.00968233
0.00836856
-0.00540199
-0.00379011
-0.00524965
-0.0023865
0.0112904
0.00705104
-0.00302263
-0.00415992
-0.00340256
-0.00628223
0.00714069
0.0112936
-0.00345989
0.00030089
-0.00366262
-0.00138726
0.00726876
0.00709177
-0.0041617
-0.00234077
-0.00397341
-0.00167468
0.00695296
0.00670613
-0.00270273
-0.0014836
-0.00381133
-0.00276439
0.0079892
0.00738378
-0.00141836
-0.00301634
-0.00594854
-0.000282767
0.00646635
0.00743161
0.00152486
-0.000148577
-0.00123477
-0.00438112
0.00680721
0.00803493
-0.00494924
-0.00238103
-0.00549657
-0.00393065
0.00910676
0.00357747
-0.00469567
-0.00257879
-0.00518401
-0.00628072
0.0075038
-0.0010299
-0.000438485
0.000251349
-0.000356885
-0.00439884
0.00598384
0.00884647
-0.00182431
-0.002971
-0.00365556
-0.0037611
0.00802193
0.00779689
-0.00570259
-0.00298243
-0.00279672
-0.00378387
0.00435534
0.00479013
-0.00565858
-0.00214298
-0.002669
-0.00764996
-0.000657706
0.00512417
-0.000473509
-0.00239056
-0.00359022
-0.00418621
0.00482824
0.00983395
-0.000148239
-0.00431498
-0.00518288
-0.00718861
0.00222758
0.00980574
-0.00365919
-0.00122397
-0.00264215
-0.00628143
0.00274253
0.00890092
-0.00297561
-0.00654656
-0.00894133
-0.00791295
0.00719451
0.00726666
0.000925712
-0.00652693
-0.00562315
-0.00577277
0.00564131
0.012195
0.00124821
-0.00607302
-0.00948008
-0.00438826
0.0073397
0.0117642
-0.000849346
-0.00159676
-0.00634209
-0.00570326
0.00326268
0.00566639
0.00227864
-0.000437264
-0.0111675
-0.00615042
0.00190081
0.00567925
0.00267875
-0.00505607
-0.00653067
-0.00403612
0.00846815
0.0127702
0.00373621
-0.0043141
-0.0114871
-0.00809548
0.00461532
0.0116195
0.00383044
0.0010827
-0.00987528
-0.00635302
0.00482484
0.00648591
0.00528358
-0.000784392
-0.0114057
-0.00700999
0.00766748
0.00689567
0.00397947
-0.00251517
-0.00918728
-0.00620173
0.00460419
0.00936059
0.00416058
-0.00339227
-0.00928733
-0.00472344
0.00929043
0.0100702
0.00370277
-0.000301069
-0.00755038
-0.00233834
0.00360563
0.00563995
0.00423183
-0.00146022
-0.00552922
-0.00640439
0.00368435
0.00256842
0.000860718
-0.00258871
-0.00756072
-0.000734137
0.00711914
0.00536489
0.00038773
-0.000551907
-0.00280037
0.000228494
0.00301153
0.00214865
0.00105903
-0.00286614
-0.0065195
-0.00205299
0.00486003
-0.000342077
2.09059e-005
-0.0029839
-0.00310305
0.000682455
0.0104629
0.00118344
-0.00319002
-0.000456531
-0.00034628
-0.00100079
0.0052619
-0.00259183
-0.00188996
-0.00327863
-0.00294441
0.00417983
0.00651139
-0.00340061
-0.00411065
-0.00809905
-0.00127868
0.00529787
0.00585596
-0.000951724
-0.00980759
-0.005284
0.00450728
0.00759981
0.00475988
-0.00775635
-0.00492358
-0.00801434
0.00228631
0.0049939
0.00194323
-0.00574657
-0.0126153
-0.00505535
0.00587033
0.00526053
-0.000572001
-0.0133133
-0.00236758
-0.00225445
-0.00258215
0.0024983
0.00679226
0.00148433
-0.00266727
-0.00925641
-0.00600967
0.00256851
0.0100303
0.00880807
-0.00348423
-0.000313048
0.000210135
0.00343154
0.00820725
0.00421514
-0.00126829
-0.00506076
-0.00271624
0.00185895
0.0118709
0.00918091
0.000197237
-0.00568514
-0.0082236
-0.00318713
0.00847397
0.0107388
0.00524335
-0.00264531
-0.00884015
-0.00669324
0.00871495
0.0106586
-0.00235077
-0.00628152
-0.00644962
-0.00166443
0.00814424
0.0103736
0.00637124
-0.00454899
-0.00494069
-0.00105626
0.00519622
0.0100031
0.00515357
-0.00436604
-0.00561478
-0.00479299
0.00318067
0.00919907
0.00465478
-0.00787323
-0.0073341
-0.00280051
0.00336378
0.00728245
0.0074724
-0.00403733
-0.00487431
-0.00668055
-8.67878e-005
0.0102533
0.00523463
-0.00680493
-0.00590765
-0.00813357
0.000979019
0.0087631
0.00705645
-0.00515115
-0.00414835
-0.00356935
-0.000458985
0.00774089
0.0098711
-0.00106769
-0.00386519
-0.00881176
-0.00298419
0.00594258
0.00652695
-0.00120283
-0.00483112
-0.00576294
0.00326072
0.00838146
0.0075855
0.000505866
-0.00580646
-0.00691803
0.00138062
0.00595496
0.00768371
-6.1359e-005
-0.000741215
-0.0048908
0.000121409
0.00374958
0.0029779
-0.00142389
-0.00201508
-0.00312335
0.00429233
0.00385927
0.0110855
0.00107079
-0.0036559
-0.00603831
-0.00351981
0.00551639
0.00645318
-0.00372852
-0.00324731
-0.00334985
-0.000746878
0.00548334
-3.72179e-005
-0.00339812
-0.00288342
-0.00227827
0.00190697
0.00641026
-0.00353737
-0.00342071
-0.00243537
-0.00340435
0.00324754
0.00504997
0.00226656
-0.00681553
-0.00338688
-0.00300064
0.000689439
0.0070825
0.000773113
-0.00189634
-0.00627577
-0.00693631
0.00548264
0.00847182
-0.00444641
-0.0027454
-0.000900911
-0.00232961
0.00201191
0.00656337
-0.00310594
-0.00660252
-0.00546722
-0.00387068
0.00385839
0.00683715
-0.00304794
-0.00408527
-0.00352941
-0.00468335
0.00719772
0.010363
-0.00143857
-0.00530478
-0.00604035
-0.00525428
0.00573475
0.0103078
-0.003528
-0.00677723
-0.00373865
-0.00356147
0.00512615
0.00548606
-0.00333613
-0.00641721
-0.00502458
0.000110312
0.00593307
0.00640897
-0.0021841
-0.00407354
-0.000803496
-0.00377943
0.00592017
0.00564833
-0.000464281
-0.00264298
-0.00183242
-0.000176993
0.00687423
0.00519192
-0.00256114
-0.004288
-0.00641277
-0.00118815
0.00893155
0.010316
-0.00184225
-0.00774216
-0.00996543
-0.00503112
0.0109098
0.00943094
-0.00178426
-0.000680991
-0.00322888
-0.00181365
0.0084176
0.00478507
0.000385086
-0.00143391
-0.00126255
-0.00166371
0.00676956
0.00747957
-0.00296449
-0.00248028
-0.00185089
-0.00268542
0.00846015
0.00750086
-0.00450455
-0.00210882
0.00150658
0.00156811
0.00818262
0.00471804
-0.0023513
0.00026337
0.000302266
-0.00134566
0.00730983
0.00363321
-0.00523488
-0.00184536
0.00378182
0.00543816
0.0062598
0.000178669
-0.0021356
-0.00338544
-0.000198032
0.00267645
0.00939984
0.00391008
0.000454785
-0.0013089
0.000795349
0.000469887
0.00861359
0.00641716
-0.00587299
-0.00132224
0.00165367
0.00509459
0.00914604
-0.00321936
-0.00338569
0.00297714
0.00275993
0.00368579
0.00851998
0.00116375
-0.000561895
0.000114098
0.00511136
0.000484389
0.0048851
0.00861183
-0.0059762
-0.00257926
0.00052026
0.00163331
0.00622273
0.00623011
-0.00753247
-0.000870202
0.00700508
0.00289402
0.00254047
-0.00100147
-0.00825254
-0.00645219
0.00198449
0.00372948
0.00362269
0.000574707
-0.00466395
0.000390113
0.00166928
0.00152958
0.00638678
0.00848937
3.25398e-005
-0.00106949
-0.00274684
-0.00234002
0.00394165
0.00719001
-0.00638981
-0.00192558
0.00255963
0.0045514
0.00627796
0.00266059
-0.0075279
-0.000943894
0.000204204
0.00106305
0.00499098
-0.000712593
0.000521155
-0.00195168
-0.00221862
-0.000559284
0.00593369
0.00909348
0.00216026
-0.00192197
-0.00194073
-0.000758766
0.00549136
0.00903339
-0.00781474
-0.00231407
0.000362076
0.000389752
0.00194374
-0.00120223
-0.00775962
-0.00316408
-0.00115045
-0.00345353
0.00434974
0.00310517
0.00184983
-0.00342517
-0.00127074
0.00195689
0.0042804
0.0121699
0.000714967
-0.0053753
-0.00790451
-0.00237617
0.00786495
0.0137933
-0.00672006
-0.00433775
-0.00351478
-0.000958902
0.00366887
0.00665629
-0.00504447
-0.00367858
-0.00534187
-0.00230995
0.00776855
0.00536315
-0.00113914
-0.0043325
-0.00976423
-0.00477927
0.00710277
0.011477
-0.00277141
-0.00396497
-0.00733827
-6.53751e-005
0.0106529
0.00817753
-0.00682285
-0.00590477
-0.00766041
-0.00343295
0.0105012
0.00424109
-0.0066275
-0.00630497
-0.00717097
0.00116705
0.0119988
0.00367137
-0.00154013
-0.00157908
-0.00702328
0.000503062
0.00757583
0.00518773
-0.00122994
-0.00196699
-0.0040555
-0.00281376
0.0076684
0.00150228
-0.00447669
-0.00432139
-0.00469287
3.0253e-005
0.0119245
0.00349751
-0.00317474
-0.000878224
-0.00205784
1.46741e-006
0.00922599
0.00208639
-0.00321877
-0.00202789
-0.00493129
0.0035705
0.00593202
0.000257283
-0.00482469
-0.00411495
-0.00187538
0.00899674
0.00531214
-0.00209332
-0.00431317
-0.000605736
-0.00239818
0.00356936
0.00434405
-0.00124531
-0.00865776
-0.00221543
0.00281992
0.00737544
0.00693861
-0.00501234
-0.00684674
-0.00761142
0.00299632
0.0129377
0.00568737
-0.00688867
-0.0122508
-0.00582438
0.0041236
0.0109955
0.000884349
-0.0119403
-0.0112874
-0.00375094
0.00548129
0.0105005
0.00484868
-0.0113096
-0.0148089
-0.004896
0.00767738
0.00857438
0.00283631
-0.0161802
0.000960595
-0.000245337
-0.00261305
-0.000343965
0.00831031
0.00397257
-0.00219265
-0.00314633
-0.00364496
0.000382279
0.00807348
0.00705831
0.00356618
0.00346341
-0.0040838
-0.0016034
0.00880953
0.00958154
0.000884642
0.00165937
-0.00278128
-0.00155698
0.00886007
0.0081892
-0.00250134
-0.00484552
-0.00511068
0.0002271
0.00310659
0.00701661
0.000539939
-0.000802941
-0.00165044
9.81517e-005
0.00287725
0.00690724
0.00464902
0.000631557
-0.00666167
-0.0028663
0.00468297
0.0073863
0.00420518
-0.00536367
-0.00507013
-0.00305258
0.00248389
0.00638534
0.00107888
-0.00339793
-0.00546078
-0.00331792
0.00373806
0.00724051
0.00237742
-0.000685629
-0.00352613
-0.00568611
0.00261931
0.0068977
0.00338783
-0.00465437
-0.00272271
-0.00538013
-0.000110449
0.00857753
0.00653082
-0.0049587
-0.00314485
-0.00591015
0.00094945
0.00772457
0.00274793
-0.00166335
-0.00156177
-0.0037281
0.00103204
0.0101875
0.00349205
-0.00305896
-0.00415553
-0.00394286
0.0011567
0.00485646
0.00313528
-0.00404696
-0.00275331
-0.00367568
0.00294476
0.0117073
0.00274543
-0.00415765
-0.00563239
-0.00437368
0.00152147
0.00948546
0.00630827
-0.00331013
-0.00351347
-0.00393398
-0.0018511
0.00371139
0.00577539
-0.00459871
-0.00392809
-0.00453143
-0.000155092
0.00482717
0.00317058
-0.00502653
-0.0042533
-0.00162931
-3.22763e-005
0.00808513
0.00848208
-0.00296798
-0.00293718
-0.00572385
4.62433e-005
0.00591139
0.00323262
-0.0043577
-0.00419086
-0.00374079
-0.000353964
0.00789537
0.000213603
-0.00332631
-0.0074619
-0.00703656
0.00330713
0.00845506
0.00764164
-0.00290128
-0.00485454
-0.00474786
0.00160102
0.00873236
0.00306133
-0.000427845
-0.00865344
-0.00809557
0.00240171
0.00784651
-0.00344228
-0.00285688
-0.00452997
-0.00602746
0.00115794
0.0110181
-0.000901163
-0.00339841
-0.0032522
-0.00467116
0.00152999
0.00961541
0.000730539
-0.000714758
-0.00797827
-0.0099025
0.00218983
0.0116827
0.00920417
-0.00191313
-0.00601649
-0.00775238
-0.000152726
0.0125227
-0.00244179
-0.00202538
-0.00172891
-0.00447707
1.74962e-005
0.00669673
-0.00165748
-0.00412372
-0.00216359
-0.00292957
0.00479732
0.00342199
0.00630799
-0.00258019
-0.00496325
-0.00523796
-0.000759791
0.0107538
0.00500807
-0.00366237
-0.00305958
-0.00131218
0.00271784
0.00704532
-0.00467828
-0.000620128
0.000338517
-0.00163252
0.000594214
0.000678437
-0.00333303
0.0031209
0.000677411
-0.00238865
0.00162501
6.17045e-005
0.000871317
-0.00571725
-0.00228648
-0.000217834
0.0033619
0.00869962
0.00094696
0.00191024
0.00282389
-0.00304766
0.00788454
0.00379761
-0.00124394
0.00380949
0.0032445
-0.00151849
0.00302681
0.00115258
-0.003369
0.00103675
0.00622483
0.00174464
0.00275246
-0.000366542
-0.000905884
0.00392005
0.00451041
-0.00080886
0.00186769
0.00243774
-0.00146219
0.0032433
0.00795633
0.00124831
-0.00160826
-0.000703548
-0.00276027
0.00187841
0.00602882
0.000719438
0.00858164
-0.00263136
-0.00604851
0.00493866
0.00605402
0.00157092
0.0104066
-0.00256995
-0.0021176
0.00813899
0.00791184
-0.000845584
0.00232717
-0.00374599
-0.00411389
0.00842195
0.00701465
0.00263152
-8.94216e-005
-0.00429506
-0.00750974
0.00263394
0.00880013
0.00421402
0.00356686
-0.00423994
-0.00657124
-0.000172593
0.00517855
0.00640967
0.00461825
-0.00369863
-0.00734827
0.00471269
0.0089967
0.00209689
-0.000938122
-0.00749402
-0.00867478
0.0024822
0.00859863
0.00816236
-0.00119338
-0.00437089
-0.00323164
0.00176238
0.00221097
0.00250473
0.00441873
0.000761009
-0.00373766
0.00561906
0.00515899
0.000376241
0.000884447
-0.00478427
-0.00534561
0.00695501
0.0073102
0.00624553
-0.0014858
-0.00492463
-0.00102834
0.0121504
0.00712247
0.00210604
-0.0046178
-0.00707229
-0.00124061
0.00518862
0.00848125
0.00148827
0.00181087
-0.000780533
-0.00502107
0.00195215
0.00349345
-0.00197595
0.00227513
0.000883205
0.00104442
0.0104249
0.00721432
0.000856727
0.00091452
0.00149901
-0.00216977
0.000852268
0.00304053
0.00138776
0.000831534
-0.000911913
-0.00219011
0.00170895
0.00291401
0.000892571
0.00394928
0.00696887
-0.00065103
0.00105065
0.00068732
0.00285245
0.00694225
0.00530549
-0.00260379
0.00100295
0.0021971
0.00269769
0.00308124
0.00160962
0.00200187
0.00115291
0.00253807
0.00290755
0.00477128
0.0013441
-0.00484581
-0.00374641
-0.00597066
-0.000170711
0.006903
0.00863574
-0.00487675
-0.00668693
-0.00642591
0.00530921
0.0149885
0.00489135
-0.00021604
-0.000888459
-0.00697647
0.000967442
0.00447405
0.00417224
-0.00323288
-0.0046554
-0.00457394
0.0012488
0.00954143
0.00747268
-0.00337166
-0.00538052
-0.0100146
0.000378411
0.0117013
0.0030887
-0.00156985
-0.00299268
-0.00877979
-0.000721702
0.0129275
0.00342205
-0.00309815
-0.00660983
-0.00772236
-0.00155374
0.00821995
0.00443965
0.000342215
-0.00838623
-0.0109304
-0.000362339
0.0132481
0.00917352
-0.000984482
-0.000713648
-0.0050336
0.00268969
0.00644693
0.000438494
-0.00567385
0.00335672
0.00250906
0.00346178
0.00666499
-0.00441772
-0.00343063
-0.00394389
-0.00587154
0.00437389
0.00861286
0.00372761
-0.00822367
0.000827344
-0.00233485
0.00418108
0.00330023
-0.00464463
-0.00783674
-0.00112966
0.00335895
0.0118491
0.00550703
-0.00698662
-0.0150863
-0.00429505
0.00607944
0.010573
0.00326712
-0.0152461
-0.0111908
-0.00545327
-0.000872708
0.00856074
0.00279393
-0.00448193
-0.0158902
-0.0100059
0.00195049
0.00989731
0.00273603
-0.0106537
0.0010254
-0.000421141
-0.00526547
-0.00604868
0.00904179
0.00649278
0.0036294
0.0016642
-0.00597714
-0.00432268
0.00537096
0.00465963
0.0015707
-0.00157275
-0.00309655
-0.0017094
0.00539537
0.00624435
0.00328545
0.00239773
-0.00227733
0.000190278
0.0077556
0.0021884
0.00369215
-0.0011751
-0.00787438
-0.00504113
0.00309394
0.00955568
0.00474299
-0.0072835
-0.00872675
-0.00444737
0.0050701
0.00556256
0.00493083
0.00123194
-0.00488163
-0.00260574
0.00779108
0.00744036
0.00439313
-0.00184595
-0.00956031
-0.00220109
0.0062655
0.0089006
0.00536539
-0.00713324
-0.00397145
-0.00123928
2.26748e-005
0.00934525
0.00578427
-0.00665502
-0.0057723
-0.00536716
0.00213708
0.00952092
0.00439723
-0.00314591
-0.00664046
-0.00425503
0.00371938
0.0106968
0.00700457
-0.00392999
-0.00737927
-0.00977832
0.00253714
0.0119131
0.0035861
-0.00749177
-0.0051127
-0.00864746
0.000189142
0.0146474
0.0035817
-0.00785418
-0.00658718
-0.00804464
0.00021353
0.0133159
0.0110643
-0.00559366
-0.00917326
-0.0135568
-0.0020884
0.0141307
0.0128504
-0.00622709
-0.00769912
-0.0117656
-0.00162104
0.0127796
0.00166445
-0.00422771
-0.00316666
-0.00545353
-0.00553058
0.0103179
0.00304713
-0.00282294
-0.00251689
-0.00696431
-0.00328726
0.00869805
0.0103616
-0.00556633
-0.00476085
-0.0076961
-0.0035356
0.0105527
0.00793165
-0.00457007
-0.00628773
-0.00621901
-0.000152538
0.00965845
0.000518559
-0.00236974
-0.00290983
-0.00442325
-0.0018408
0.0085654
0.00190299
-0.00125996
-0.00573587
-0.0114037
0.000410644
0.00700374
0.00699554
-0.0050598
-0.00760794
-0.00499923
0.000623361
0.0111553
0.00784588
-0.00116634
-0.00748113
-0.00861712
-0.00112408
0.00838713
0.00220028
-0.00176846
-0.00623864
-0.00967418
-0.00166425
0.00858403
0.00389641
-0.00546028
-0.00777578
-0.00814716
0.00203101
0.00945844
0.00573013
-0.00432319
-0.00602836
-0.0075084
-0.000871745
0.0093212
0.00535735
-0.00859961
-0.00928059
-0.00794548
0.00748265
0.0133461
0.00229216
-0.00453577
-0.00920271
-0.00692398
-0.00119291
0.00776976
0.00131249
-0.00451674
-0.00583199
-0.00255791
0.00178417
0.00850387
0.00122571
-0.00897927
-0.00894182
-0.00622025
0.00413197
0.0114058
0.00153367
-0.00355938
-0.00473109
-0.00317559
0.00353479
0.0111278
0.000460721
-0.00301521
-0.00306331
0.00045509
0.00243044
0.00855271
-0.00270623
-0.00460887
0.00227075
0.00288277
0.00672967
0.00238223
0.00280433
0.000888949
-0.000690721
0.000364607
0.00339136
0.00701435
-0.00078233
-0.000603129
0.00238666
0.00624223
0.0049328
0.00310845
-0.00195111
-0.00024411
0.00434529
0.00111631
0.00478831
0.00200713
-0.00419994
0.00452589
0.0035699
-0.000730033
-0.00295251
-0.00284006
-0.00415387
-0.000255461
0.0036319
0.00131694
0.00690656
-0.000106196
-0.00601149
0.00370835
0.00400759
0.00040423
0.00385803
-0.00467487
-0.00372031
0.0111562
0.0084528
0.000428149
-0.00115985
-0.00588733
-0.00256509
0.009566
0.0071226
0.00301593
-0.00314005
-0.0101204
-0.0044324
0.00835192
0.00903249
0.00165533
-9.25989e-005
-0.00648395
-0.0052703
0.00802591
0.00712324
0.00562581
-0.00116202
-0.00799357
-0.00440581
0.00393672
0.00935312
0.00371326
-0.00183035
-0.0105777
-0.00735745
0.00471241
0.0108396
0.00836812
7.57453e-005
-0.0103277
-0.00647714
0.00431862
0.0116927
0.0073699
-0.000935941
-0.0100578
-0.00470759
0.00615969
0.0100683
0.00636709
-0.000425882
-0.0134715
-0.00448773
0.0106272
0.0129315
0.00563823
-0.00102782
-0.00941129
-0.00164159
0.0141647
0.0110708
0.00333861
-0.0018585
-0.00775673
-0.00408254
0.00947366
0.00801627
0.00449243
-0.00290428
-0.00898527
-0.00294953
0.00561912
0.00576601
0.00155278
-0.00295622
-0.00787689
0.00182902
0.00865583
0.00674431
0.00103211
0.00366125
0.000693756
-0.00204439
0.00153433
0.000438874
0.00128938
0.00909441
-0.00035484
-0.00278587
0.00338672
0.00363962
0.00113864
0.00195318
-0.000138299
-0.000711208
0.00236
0.000571471
-0.000376067
0.0110179
0.00376809
-0.0035525
0.000212381
-0.00152148
0.00368244
0.00773355
-0.000366829
0.00079329
0.00238641
-0.00127174
0.00409853
0.00416042
0.00163048
-0.000294213
0.00275797
0.0010469
0.00438327
0.00980561
0.00465857
0.000483933
0.00656775
0.000332392
0.00695704
0.00467565
-0.000759683
0.00401716
0.000739996
-0.00375086
0.00122333
0.00355712
0.00319277
0.000177828
-0.00463716
-0.00134395
0.00235915
0.00649636
0.00352195
0.00335395
0.00595069
0.00454284
0.00750281
-0.00120931
-0.00161264
-0.000942958
0.00138658
0.00244604
0.00395707
0.00170722
0.00230456
-0.00371835
-0.00630535
0.00013147
0.00281554
0.00538772
0.00376893
-0.00330243
-0.00785267
-0.0015613
0.00387363
0.0111082
0.00293697
-0.00733553
-0.00457961
0.00241688
0.000599502
0.000711214
0.00181974
-0.00863441
-0.00878586
-0.0018713
0.0011343
0.00396561
-0.00114017
-0.00615809
-0.00472038
-0.000102617
0.00751161
0.00755957
-0.000670817
-0.00961855
-0.00166845
-0.000427397
0.00889192
0.00544301
-0.00531241
-0.00908608
-0.00818056
-0.0010468
0.00531509
0.00147417
-0.00317734
-0.0101176
-0.00699739
0.00125689
0.0060093
0.00445291
-0.0070055
-0.0105337
-0.00454201
0.00200758
0.0109393
0.00635707
-0.00716406
-0.0143516
-0.00713759
0.000634832
0.0120335
0.0050868
-0.0111583
-0.00978244
-0.0078865
0.00282379
0.00862003
0.00275132
-0.00690981
-0.0167282
-0.00987135
-0.000991408
0.0111045
0.00303852
-0.0121842
-0.000218696
-0.00318133
-0.00417943
-0.00166558
0.00738636
0.000811983
-0.00102116
0.000243847
-0.00102756
0.00180599
0.00316887
-0.000158234
0.000342544
-0.00123652
-0.000609335
-0.000700815
0.00408564
0.00159847
-0.00153824
0.000917295
-0.00176737
0.000473477
0.00660756
-0.00128763
0.00407338
0.00157685
-0.00187342
0.00075379
0.00517028
0.00368209
0.00341533
-0.00379351
-0.00988586
-0.00135996
0.00725816
0.00801088
0.0018903
0.000948205
-0.00414895
-0.00137253
0.00737149
0.00273631
0.00469007
-0.00292484
-0.00792159
-0.00267234
0.00785646
0.00829626
0.00486212
-0.00624789
-0.00785736
-0.00244304
0.00572301
0.011575
0.00664516
-0.00525873
-0.00884699
-0.00746054
0.00330426
0.0137883
0.00609494
-0.00571741
-0.0107968
-0.00585914
0.0050587
0.0131063
0.00705723
-0.00591887
-0.0103777
-0.00841958
0.00140372
0.0109364
0.00939271
-0.00222841
-0.00719564
-0.0110028
-0.00278212
0.0125032
0.012735
-0.00195307
-0.00761223
-0.0112227
-0.00355074
0.0127354
0.0109259
-0.00465304
-0.0098235
-0.0076807
-0.00407176
0.0111947
0.0136973
-0.00357229
-0.00857018
-0.0094778
-0.00548119
0.0122037
0.0102124
-0.0051219
-0.00527335
-0.00704671
-0.00560971
0.0121689
0.00714833
-0.00517045
-0.005961
-0.00724625
-0.000484772
0.0105917
0.00877995
-0.00373953
-0.00745703
-0.00877892
-0.00741365
0.0126723
0.00667661
-0.00408035
-0.00516909
-0.00931887
-0.00458809
0.00957254
0.00754726
-0.00423694
-0.00480205
-0.00485828
-0.00162246
0.0107616
0.00604399
-0.000426039
-0.00574347
-0.00842129
0.000531709
0.0106159
0.00416214
-0.00616904
-0.00351911
-0.00606643
-0.00247405
0.00777143
0.00819875
-0.0042079
-0.00462403
-0.00669921
-0.00224702
0.00847626
0.00414934
-0.0024888
-0.00582934
-0.00927595
-0.00313267
0.0100216
0.00152446
-0.00739608
-0.00759329
-0.00660467
0.00602497
0.0123926
0.00830926
-0.00505993
-0.00542336
-0.00870114
-0.00532694
0.0108798
0.00590099
-0.00588536
-0.0074605
-0.00892976
0.00105789
0.0135807
-0.0012678
-0.00832468
-0.00570984
-0.00328769
0.00461659
0.0120828
0.00180731
-0.00546505
-0.00593459
-0.00263088
0.00321767
0.00979837
-0.000825576
-0.00848849
-0.00338682
-0.00439171
0.00139724
0.0123686
0.000396381
-0.00726904
-0.0068175
-0.00252729
0.00447091
0.0134024
0.0013522
0.000204993
0.00117426
0.00170887
0.00516332
0.00842598
-0.000146298
0.00176982
0.000436868
0.00477382
0.00353896
0.00201571
9.93518e-005
-0.00575055
-0.000389775
0.0016868
0.00384408
0.0117775
-0.000614327
-0.00216902
0.000800367
0.00602687
0.00179786
0.003668
-0.00196032
-0.00050559
0.00188258
0.00338623
0.00663331
0.000590657
-0.00809618
-0.000268419
0.00362268
0.0035838
0.0078363
-0.00242544
-0.00483149
-0.00494255
0.00291099
0.00586484
0.00737661
-0.00144408
-0.0146237
-0.00462201
0.00421024
0.00720368
0.00733778
-0.00636354
-0.00526875
0.00403031
0.00781572
0.00431751
0.0057309
-0.004231
-0.00569025
0.00322702
0.00943804
0.00538425
0.00147567
-0.00848671
-0.0114912
0.00235115
0.0057704
0.00808634
0.00725418
-0.00827713
-0.00879216
0.00368052
0.00807799
0.00340827
0.00227574
-0.0100007
-0.0055147
0.00113492
0.0105573
0.0107485
0.00031875
-0.0087625
-0.00184954
0.00574757
0.00921054
0.0062123
-0.000659642
-0.00911748
-0.00795524
0.00183669
0.010841
0.00933794
0.002886
-0.0109657
-0.00406711
0.00620446
0.0074627
0.00618337
-0.00190109
-0.0107896
9.10212e-005
0.00857617
0.00706178
0.00239634
-0.00124071
-0.00529426
-0.00109873
0.00838538
0.00872709
-0.00228632
-0.00306681
-0.00550387
-0.0012784
0.00843112
0.00694545
0.00180662
-0.000940208
-0.00899396
-0.001028
0.0101743
0.00563537
-0.000903545
-0.00308053
-0.00903368
-0.000682597
0.00614256
0.00386742
-0.00398115
-0.000806224
-0.000358774
0.0043373
0.00424269
-0.000841624
-0.00253785
0.00668044
0.00591253
0.00378545
0.00922345
0.00184118
-0.0027002
0.00132889
-0.00174239
0.00285471
0.0069694
0.00152864
-0.000487302
0.00363807
0.00387388
0.00456143
0.00580547
0.00218772
0.00120295
0.00589373
0.00309309
0.000826297
0.00580471
0.00577957
0.00647335
0.000992282
-0.00254542
0.004512
0.00818106
0.00586167
-0.000243849
0.00259456
-0.00191144
0.0012603
0.006568
0.00532298
0.00369299
-0.000723019
-0.00422102
-0.00217982
0.00629613
0.00609349
0.0053737
-0.000147222
-0.0032173
-0.00146361
0.00405671
0.00356835
0.00350729
0.00100113
0.004647
-0.0025241
0.00487311
0.00524626
0.000877566
0.00305814
-0.000799136
-0.00466322
0.00111331
0.00128168
0.00260059
0.00269466
-0.00349912
-0.00335702
-0.00291789
0.0019596
-0.000443257
0.00503965
0.00606374
-0.00496439
-0.00450534
-0.0015838
0.000530312
0.00560853
0.00192212
-0.00416109
-0.00122983
0.0023466
0.000306595
0.00292892
-0.000812653
-0.00630409
-0.000469444
0.000941637
0.00316743
0.00232569
-0.00156023
-0.00687588
-0.0055338
0.000229394
0.00390009
0.00208531
0.000332757
-0.00861718
-0.00448305
0.00130151
0.0085462
0.0056959
-0.00194247
-0.00825467
-0.00240832
0.00278123
0.00392016
-0.000573753
-0.00320028
-0.0103914
-0.00177479
0.00283753
0.0101344
-0.0023627
-0.00707906
-0.00937232
-0.00467585
0.00331942
0.00915671
0.000245328
-0.00772221
-0.0156323
-0.0101266
-0.000751208
0.0127047
0.00144474
-0.0116848
-0.0107233
-0.00584414
0.00294359
0.0108576
-0.00235291
-0.012182
-0.0150815
-0.0117321
0.00101199
0.0139357
0.00260785
-0.0136387
-0.00241495
-0.00186047
-0.00488784
-0.000374648
0.00779282
0.00206024
-0.00268178
-0.000946987
-0.00257109
0.00109925
0.00567926
-0.00199533
-0.0081645
-0.0015098
0.00184079
0.000563265
0.00950238
0.000428128
-0.00709859
0.00139686
0.0038543
0.00446933
0.00846242
0.00192064
3.92301e-005
-0.000254363
-0.004588
0.00115541
0.00274752
-0.000924077
0.00740717
-0.000161132
-0.00484639
-0.000474702
0.00338344
0.00376537
0.00113184
0.00349646
0.000514725
0.00370333
0.00230684
-0.00186449
0.00628346
0.00463781
0.00156691
0.00497927
0.000540474
0.00151248
0.00769276
-0.00343843
-0.00702709
-0.00298231
0.000315587
0.0104759
0.00929073
-0.00660564
-0.00981775
-0.00571209
-0.00129185
0.0108068
0.00733063
0.00413847
-0.00180198
-0.00328727
0.000216913
0.00700508
0.00629139
0.00116232
-0.00876247
-0.0094857
-0.00155734
0.0105518
0.0111859
-0.00425163
-0.00824144
-0.00586863
-0.00638103
0.00867784
0.0100168
-0.00466293
-0.00741132
-0.00762731
-0.00807159
0.00999758
0.00724688
-0.00113973
-0.00592743
-0.00731801
-0.00307354
0.00942969
0.0111217
-0.00145031
-0.00433629
-0.00699936
-0.00156661
0.00759701
0.00959172
-0.00369385
-0.00479347
-0.00728574
-0.00900057
0.00857126
0.0055876
-0.00476517
-0.00222345
-0.0108435
-0.00957151
0.00514575
0.0134141
-0.00249409
-0.00388874
-0.0069911
-0.00297571
0.0116009
0.0113301
-0.00148248
-0.0029389
-0.00890309
-0.00323648
0.00723279
0.00669809
-0.00236015
-0.00070373
-0.00509427
-0.00912702
0.00632906
0.00810267
-0.00503953
-0.00357896
-0.00382546
-0.00440236
0.00948132
0.0120434
0.0012496
0.00157622
-0.00443063
-0.00534785
0.00593455
0.0120054
-3.86064e-005
-0.00428306
-0.00666606
-0.00513314
0.00979536
0.00870586
-0.00661533
-0.00500002
-0.00758068
-0.00857054
0.011393
0.0127744
-0.00607726
-0.00823135
-0.0109842
-0.00483974
0.0145144
0.011827
-0.00410174
-0.00462671
-0.00772526
-0.00209249
0.0118912
0.012799
-0.00368337
-0.00734656
-0.0089002
-0.00436512
0.0115333
0.00302998
-0.00506955
-0.00408518
-0.00732637
-0.00510774
0.0148636
0.000912584
-0.00708151
-0.00456264
-0.00443783
0.000602393
0.0162301
0.00862437
-0.00600558
-0.00639796
-0.00967015
-0.0053231
0.0133182
0.0051309
-0.00749776
-0.00408049
-0.00205871
0.00464981
0.0108672
-6.60615e-005
-0.00506223
2.03604e-005
0.0035678
0.0028241
0.011631
-0.00329249
-0.00713504
-0.00166356
0.00246062
-0.000394291
0.000953473
-0.00185875
-0.00770649
0.00341061
0.00457551
0.00507897
0.00565441
-0.00736527
-0.00503298
0.00618329
0.00403313
0.000820459
-0.00057137
-0.00698568
-0.00411572
0.00634019
0.00468213
0.00260326
-0.000413214
-0.0120278
-0.000380016
0.00585171
0.00644585
0.00400527
-0.00410278
-0.0114857
-0.00136894
0.00640862
0.00381148
0.00442056
-0.00362368
-0.00927656
-0.000358631
0.0073949
0.00447519
0.0050764
-0.00364679
-0.00983256
0.00164684
0.00772771
0.00960506
0.00400776
-0.00629067
-0.00871698
0.00443018
0.00990599
0.00968306
0.00220169
-0.0104412
-0.00611758
0.00295803
0.00946407
0.00605088
0.00463323
-0.00575667
-0.00982406
0.00574692
0.00763733
0.00712758
0.00112147
-0.0117193
-0.00663925
0.00217902
0.0119094
0.00987942
0.00113787
-0.0097865
-0.00507518
0.00809595
0.0121468
0.00402982
-0.00155754
-0.00798002
-0.00862683
0.00773384
0.0117181
0.0031636
0.00088423
-0.0114419
-0.00473508
0.0115447
0.00950216
0.00421809
-0.00637413
-0.00966202
-0.00230111
0.00724096
0.00660912
0.00122839
-0.00222703
-0.00831578
0.000455366
0.0118205
0.00644708
0.00327904
-0.000183494
-0.00921055
-0.00286711
0.0107124
0.00610158
0.00111232
-0.000935113
-0.00612049
-0.00349156
0.00446008
0.00435817
0.00419551
0.00252142
-0.00504615
0.00346347
0.00609056
0.00419081
0.00261918
0.00136887
-0.00199408
0.00120579
0.00454955
0.00112665
0.000608893
0.00286882
0.00256722
0.000267269
0.00739644
0.00593382
0.00394008
0.0038397
-0.00450229
-0.00232308
0.0063416
-0.000272929
0.000852373
0.00126938
-0.000975811
0.00168236
0.00714547
0.00303073
-0.00100747
0.00166308
-0.00163561
0.00289184
0.00774771
0.00518554
-0.0029522
-0.00105132
-0.00380059
-0.000106955
0.0075695
0.000809392
-0.00200233
0.00317368
0.00353098
0.00455416
0.0070925
-0.000294746
-0.00108516
0.00261326
0.00378701
0.00255382
0.00223761
0.00615313
-0.00328301
0.00383651
0.00344486
-0.00240836
-0.000296458
0.000361651
-0.00115117
0.00267542
6.84624e-005
0.00616446
0.00476451
0.00156722
-0.00549296
0.00386537
0.00661563
0.00315102
0.00637744
0.000161851
-0.00327156
-0.000410367
0.00528238
-0.00200714
0.000751047
0.00620818
-0.00106258
-0.000970364
-0.00114142
-0.00224178
0.00314269
0.00387659
-0.00186976
-0.00385484
-0.00165693
0.00140966
0.00207657
0.00636163
-0.000845209
-0.00521178
4.88862e-006
-0.00074188
0.00581614
0.0017858
-0.00306288
-0.00660962
-0.000801976
-0.0049968
-0.000706193
0.00494911
0.00251541
-0.00423777
-0.00123777
-0.00792964
0.00141488
0.00377309
0.0094179
-0.00327246
-0.00472684
-0.00319612
0.00223959
0.00334093
0.000540846
-0.00626494
-0.000796496
-0.00643377
0.00235453
0.00217635
0.00571281
-0.00293542
-0.00423583
-0.00887711
-0.00417325
0.00620338
0.0116468
-0.000233837
-0.00717017
-0.013755
-0.0116202
0.00298287
0.0142782
0.00236678
-0.00987472
-0.00936102
-0.00481918
0.00298559
0.00747366
0.000362625
-0.00832838
-0.0163827
-0.0103449
0.00347596
0.0151425
0.00275485
-0.0126926
-0.00694308
0.00268298
0.00261192
0.00346988
0.00346847
-0.00543717
-0.00352241
0.00424029
0.00411968
0.00496393
0.00540093
-0.00202595
-0.00577538
0.00416884
0.00211689
0.00323578
0.00323069
-0.00395676
-0.00424605
0.00175527
0.00752948
0.00464941
0.00390588
-0.00212145
-0.0033615
0.000256031
0.000581479
0.00227125
0.00611206
-0.0023649
0.00124079
0.00474337
-0.000318156
0.000296548
0.00555414
0.00216177
-0.00470257
0.00228078
0.00097356
0.00268685
0.00558648
0.000295904
-0.000234043
0.00182541
-0.00402534
-0.0024994
0.00371815
0.00394895
0.00518634
0.00224656
-0.00299291
-0.00751729
0.00368431
0.00534875
0.00335179
-0.0028252
-0.00909584
-0.0119657
0.00191733
0.00546628
0.00351494
0.00272978
-0.0059124
-0.00484453
0.00698528
0.00836812
0.0025612
-0.00308001
-0.00944338
-0.0102815
0.00533842
0.00688393
0.00459441
-0.000668331
-0.00451658
-0.00678376
0.00167703
0.00849444
0.00855001
-0.00105065
-0.00456611
-0.00529255
0.00217737
0.00869461
0.00446683
-0.00472868
-0.00665992
-0.00643407
0.00229069
0.0110293
0.00592663
-0.000409335
-0.00774919
-0.00521074
-0.00108871
0.00743171
0.00973624
0.000807814
-0.00234735
-0.00556318
0.000371643
0.0106049
0.00788801
0.00115675
-0.00269825
-0.00654785
0.000238415
0.00657448
0.0105648
0.00290656
-0.00441303
-0.00446087
-0.0018346
0.00764579
0.00810324
0.00043751
-0.00597804
-0.00812095
0.00144145
0.00573255
0.00678882
0.00192291
-0.00140951
-0.00490776
-0.00542627
0.00735403
0.00897503
0.00286893
-0.00313496
-0.00892664
-0.00598626
0.0110534
0.00533791
-0.00264472
-0.00524596
-0.00584131
-0.00164961
0.00997691
0.00787993
-0.00122181
0.000212801
-0.00622976
-0.00365621
0.0097415
0.00853516
-0.00100629
0.000848812
-0.00571711
-0.0053738
0.0109596
0.00850481
0.00116285
-0.00487002
-0.00637389
-0.00445859
0.00917021
0.00924423
0.00355801
0.00351285
-0.00652072
-0.00952029
0.00711166
0.0118003
0.00751344
-0.00128911
-0.00883224
-0.00988504
0.00636835
0.00473669
-0.00376695
-0.00594178
-0.00891458
-0.00777987
0.00873412
0.00578649
-0.00504627
-0.00387264
-0.00156513
0.00594563
0.0100612
0.0125184
-0.000201186
-0.0070209
-0.0101246
-0.00799147
0.00502122
0.0137207
-0.00339687
-0.00371166
2.44842e-005
0.00273461
0.0118267
-0.00081458
-0.00635795
0.00247737
0.0020612
0.00173852
0.00429425
-0.00774496
-0.00604163
0.00658836
-6.15944e-005
-0.003948
-0.00262218
0.00596438
-0.00599861
-0.000564088
0.00249186
0.00270714
0.0114154
-0.000276976
-0.00312345
0.00607989
-6.25537e-005
-0.00377818
0.00225728
-0.0117663
-0.00246212
0.00917348
0.00336168
-0.00261943
-0.00428949
-0.00749886
-0.00101225
0.00677339
0.00134878
0.00452062
-0.00193999
-0.00187204
-0.00130497
0.00842416
0.0026601
-0.00513954
-0.00100488
-0.00134028
0.0026422
0.00983926
0.00327353
0.000752924
-0.00260664
-0.0016888
0.00502522
0.00431649
0.0021603
0.00645287
-0.00226775
-0.00838251
0.00367232
0.00374547
0.000972532
-0.000173125
-0.00991238
-0.00278368
0.00795906
0.0080316
0.00625337
0.00687325
-0.00331251
-0.00638523
0.00110884
0.00418075
0.00442151
4.2684e-005
-0.00759887
-0.00450279
0.00688365
0.00518416
0.00212581
-0.000302444
-0.00681066
-0.000556369
0.010046
0.00642222
-0.00354609
-0.00348031
-0.0052669
-0.00397958
0.00187192
0.00537404
0.00901533
0.0039118
-0.00531934
-0.000861353
0.00444503
0.0038724
0.00606409
0.000826318
-0.00216907
9.70886e-005
0.00782807
0.00179857
-0.00343313
-3.9747e-006
-0.000913658
0.00138331
0.00470591
0.0023248
0.0021661
0.00271781
-0.000353386
-0.000294618
0.0032022
0.00472394
0.00225287
-0.000167679
0.0015951
-0.00294758
0.00434607
0.00296355
1.02028e-005
0.000784736
0.00451315
-0.000110258
0.00756551
0.00728199
0.00471682
0.000569597
-0.00595912
-0.00124326
0.0101
0.00276292
-0.000898676
-0.00100962
-0.00593618
-0.000615783
0.00848583
0.00579471
0.00191106
0.00132003
0.00169321
-0.000152789
0.0114318
0.00333071
-0.00283221
0.00140268
-0.00150124
0.000400198
0.0094783
0.00282331
-0.00486685
0.000394846
0.00119521
0.00357126
0.00814263
0.000328978
-0.00443714
0.000199519
0.00353456
0.00157942
0.00852398
0.0019535
-0.00488327
-0.000328679
-9.7382e-005
0.00791696
0.0100003
-0.00096573
-0.00927224
-0.00444779
0.00386452
0.00293054
0.00358809
0.000251785
-0.00483218
-0.000455148
0.00380887
-0.000793385
0.00288049
0.00188113
-0.00201546
-0.00349218
-0.00151578
0.00692181
0.00629916
0.0053649
-0.00374687
-0.00346613
0.00182629
-0.00413771
0.00339037
0.00457528
0.00222964
-0.00232057
-0.00275334
0.000284206
0.00131997
0.00891945
-0.00282887
-0.00459202
-0.00160173
-0.000903462
0.00326473
0.00211471
-0.00319999
-0.00793692
-0.000540098
-0.00675396
0.00225643
0.00762151
0.00176707
-0.000684065
-0.00117003
-0.0061896
0.000732557
0.00303069
5.00917e-005
-0.00462324
-0.000102428
-0.000131859
0.00116084
0.00521146
0.00261098
-0.00397148
0.000146822
-0.00563056
0.00213325
0.00429499
0.00621377
-0.00146973
-0.00484676
-0.00308098
0.00146315
0.0054773
0.00187885
-0.00732441
-0.00158107
-0.00264894
0.00445572
0.00609203
0.00397111
-0.00612217
-0.00422629
-0.00865261
-0.00400337
0.00477515
0.00844368
-0.00108505
-0.00715465
-0.0121998
-0.00762308
0.0054876
0.0137113
-0.000536878
-0.0107971
-0.00622712
0.000558726
0.00964543
0.0065166
-0.00818935
-0.00867375
-0.0130099
-0.00183057
0.00871047
0.013137
-0.00757328
-0.0120369
-0.00565269
-0.00206
0.000812559
0.00153801
0.00927254
0.00280978
-0.00434287
0.00119774
0.00423012
0.00297468
0.00181004
-0.00171603
-0.00632067
-0.0019616
0.00230446
0.00567271
0.0050334
-0.00101064
-0.00119606
0.00142422
0.00665979
0.00367439
0.00488491
0.0001653
-0.00375234
0.000942972
0.00142267
0.0047882
0.00617824
0.000866219
0.00231929
-0.000133168
-0.0105636
-0.00254418
0.00600784
0.0065092
-0.00454763
0.00333188
0.0044576
0.00055668
0.00258846
-0.000572184
-0.00422264
-0.00235234
-0.00912309
-0.0063355
0.00455671
0.00592232
0.00456732
-0.000674701
-0.00760696
-0.00459492
0.00600563
0.00926416
0.00670919
-0.00647944
-0.0107111
-0.00659774
0.00907758
0.0128314
0.00128226
-0.00240288
-0.00981842
-0.00809134
0.00186491
0.0083938
0.0055682
-0.00487516
-0.0134794
-0.0109115
0.00454769
0.0105059
0.00756148
-0.00336026
-0.00781477
-0.00692953
0.00354179
0.0113335
0.00856553
0.00119301
-0.0083307
-0.00773953
-0.000831613
0.00786026
0.0103225
-0.00231324
-0.0104618
-0.0115868
-9.59377e-006
0.0113035
0.0118631
0.00317456
-0.0075861
-0.014208
0.0012121
0.0096542
0.0135296
0.00244352
-0.00732865
-0.00864913
-0.0028041
0.00936107
0.0117728
-0.00338727
-0.0098592
-0.010631
0.00119445
0.00979823
0.0128027
-0.0011034
-0.00998273
-0.01359
-0.00127392
0.0134168
0.00887943
-0.00681991
-0.0125927
-0.0151876
-0.000329846
0.0100768
0.00509799
-0.00548917
-0.0095508
-0.00702129
-0.00249985
0.0114864
0.0100958
-0.00618691
-0.00831104
-0.00830219
-0.0048525
0.0123039
0.00842105
-0.00742439
-0.0112504
-0.00829364
0.00100645
0.0127658
0.015025
-0.00443017
-0.00941651
-0.0100889
-0.000768612
0.0102445
0.0119168
0.00256516
-0.00215743
-0.00897788
-0.0104007
0.010667
0.0137982
0.00587924
-0.00493036
-0.0128835
-0.00930063
0.00832377
0.0138162
0.000903589
-0.00844374
-0.0106228
-0.00858247
0.00941358
0.0167123
-0.00169817
-0.0100571
-0.0117794
-0.00767494
0.0100626
0.015005
9.24824e-005
-0.00745735
-0.0121748
-0.00781853
0.0105905
0.0146087
-0.000557096
-0.00569905
-0.00364188
0.000925417
0.0136483
0.0135125
-0.00366982
-0.00967622
-0.00958051
-0.00366171
0.00955816
0.0120843
-0.00260634
-0.00579021
-0.0033834
0.00310779
0.0114096
0.00960568
-0.00204341
-0.000441762
-0.000517486
-0.000165803
0.0107837
-0.000664302
-0.00353349
0.00148964
-0.00281572
-0.00634708
0.00330943
0.00616293
0.000388767
-0.00160797
-0.000772532
0.00477977
0.00557536
-0.00020762
0.000156667
0.00103884
-0.000440229
0.00125631
0.000470227
0.00267948
0.00140245
0.00538546
-0.00239744
-0.00495214
0.00483095
0.000363631
0.00283432
0.00394014
0.00450163
-0.00463185
-0.00343955
-0.000907184
0.00254581
0.00304666
0.00344388
0.00258599
0.00244452
-0.00439979
-0.00384694
0.00230639
0.00525616
-0.000440572
-0.00509589
-0.00389644
0.00209533
0.00841078
0.00796956
-0.00153512
-0.00547941
-0.00551738
-0.000297247
0.00577632
0.00824338
0.000274139
-0.00383415
-0.0059355
-0.00498255
0.0048879
0.00684568
-0.000136141
-0.00500411
-0.00368843
-0.00323064
0.00747701
0.00656714
0.00199576
-0.00122563
-0.0036553
-0.00331974
0.00359797
0.00894634
0.0017839
-0.00347785
-0.00637061
-0.00411824
0.00607555
0.00630185
0.000911803
-0.00581731
-0.00386765
-0.00258996
0.00555639
0.00921546
0.00368944
0.000595714
-0.00994971
-0.00037823
0.00428626
0.00744297
0.00373827
-0.00505708
-0.00433361
-0.000602337
0.00558537
0.00316956
-0.0012576
-0.00260355
-0.00247769
0.0048473
0.00376173
0.00050224
8.13521e-005
0.00131871
-0.00732426
0.00265424
0.00939811
0.0037922
0.000415239
-0.00403722
0.000337331
0.00866846
0.00946789
0.00206281
-0.000797743
-0.000111358
-2.88458e-005
0.00520771
0.0018127
-0.000120174
-1.03522e-005
0.00147656
0.00223379
0.00737341
0.0012942
-0.00336106
0.00134226
-0.00291641
0.00161462
0.00838537
0.00613812
0.00524318
0.00057531
-0.00276908
0.00192126
0.0109436
0.00530935
0.000268084
0.000524447
-0.00452044
0.00347374
0.00562462
0.00162012
-0.00465216
0.00343229
-0.000702516
0.00711675
0.00836304
-0.00186029
-0.00795789
-0.000912791
0.00107627
0.00130826
0.00769612
0.00294517
-0.00381625
0.0037036
-0.00212297
1.22668e-005
0.00506502
0.000400749
-0.00414617
0.00366786
-1.59824e-005
0.00482158
0.00662959
0.000506366
-0.00495245
-0.00194809
0.00050596
-0.00512818
0.000523251
0.00456968
0.00153046
0.00246569
-0.00336083
-0.000225235
0.00506767
0.00775645
0.00178737
0.00174109
0.0021314
-0.00580219
0.000637337
0.00456101
0.00450544
0.000776883
-0.00372931
-0.00795456
-0.000899712
0.00733878
0.00260235
0.00232397
-0.00315581
-0.00793079
0.000379307
0.00557963
0.00147919
-0.00285198
-0.00367221
-0.0082266
0.00170474
0.00762282
0.0067555
0.00353335
-0.00642017
-0.00649275
0.00465197
0.00566747
0.00397391
-9.63095e-005
-0.00250595
-0.00568803
0.000673582
0.00828569
-0.000231999
-0.00452619
-0.00153541
-0.00417707
0.00229003
0.00936336
0.00501283
-0.00574334
-0.0029443
-0.00252144
0.00349968
0.00760991
-0.00054111
-0.00153883
-0.000330151
-0.0012801
0.00379031
0.00972852
0.00341929
-0.00736416
-0.00361524
-0.00723139
0.000633127
0.0104314
0.00388416
-0.0100152
-0.00561184
-0.0104628
0.000499106
0.00863047
0.0117038
-0.0057863
-0.0106506
-0.00897405
0.00293045
0.00931359
0.00610092
-0.0122875
-0.00820815
-0.0117699
0.00100733
0.00684028
0.0096802
-0.00434705
-0.0107318
-0.00639816
-0.00151854
0.00352046
0.00681067
0.00768215
-0.00246263
-0.00155849
0.00221528
0.00725992
0.00815609
0.00766261
5.63725e-005
-0.012133
0.000751227
0.00257447
0.00647921
0.00483423
-0.00719346
-0.0110576
0.00197266
0.00395279
0.0076556
0.00784334
-0.00623351
-3.72277e-005
0.00359673
0.00558951
0.00435386
0.00560244
0.00182361
0.00213228
0.000821134
-0.00254942
-0.00274811
0.00226914
0.00140923
-0.0086231
-0.00129662
0.00628465
0.00706873
0.00580064
-0.00702833
-0.005704
-0.00139191
0.00311096
0.00426549
0.00106963
-0.0045806
0.00940106
-0.000204773
-0.0020347
-0.00291888
0.00445397
0.00890902
0.0120708
-0.000920115
-0.00943043
-0.00701081
0.0058263
0.00700421
0.00329346
-0.00324608
-0.000296429
0.00197671
0.00100612
0.00147009
0.00376703
-0.00411447
-0.00622565
-0.00517995
-0.000628498
0.00437875
0.0153968
0.00308526
-0.00569396
-0.00754942
-0.00118209
0.00626394
0.0159737
0.00731707
-0.00218832
-0.0081286
0.000269477
0.00639236
0.00724268
0.00501432
-0.004796
-0.00907151
-0.00671986
0.00228324
0.0083817
0.00881302
-0.000724028
-0.0117247
-0.00799111
0.00346439
0.0142601
-0.00113903
-0.00614276
-0.0100228
-0.0015066
0.012429
0.0119084
-0.00646545
-0.00847391
-0.0115111
0.00562702
0.0135008
0.00800281
0.00212975
-0.00303457
-0.0117063
-0.00548205
0.00479019
0.0101614
-0.00473077
-0.00765774
-0.0123155
-0.00331021
0.00699203
0.0104836
-0.00588733
-0.00592662
-0.00668357
0.000718473
0.0158648
0.0146557
-0.00133222
-0.00730254
-0.00839396
-0.00218112
0.00989632
0.00672668
-0.00526227
-0.00534543
-0.0108746
-0.00447262
0.00188459
0.00965261
0.00178683
-0.00480951
-0.00989514
-0.00476151
0.00484262
0.0135702
0.000892974
-0.00682825
-0.00859686
-0.00639285
0.010285
0.0132888
-6.43615e-005
-0.0101563
-0.00837599
-0.00676305
0.00930475
0.0141127
0.00195509
-0.00818722
-0.0105945
-0.00920505
0.0054976
0.0158418
0.000513575
-0.008973
-0.0116195
-0.00693976
0.0080919
0.0110027
-0.00465727
-0.0095227
-0.00641565
-0.00650157
0.00947949
0.0132713
-0.00185547
-0.0056711
-0.00323716
0.00238511
0.0107055
0.00991626
-0.00539756
-0.0084654
-0.00786167
-0.00626147
0.00757268
0.00920032
-0.00289341
-0.00609687
-0.00299811
-0.00397132
0.00389923
0.0043169
0.000477123
-0.00206532
0.00047275
0.000142316
0.00564778
-0.00327717
-0.00211613
-0.00106633
0.000367698
0.00211061
0.00108794
0.00420581
0.000256386
-0.00137777
-0.00189403
-0.00562944
-0.000262993
-0.000842971
0.000489852
-0.00242276
-0.00186942
-0.000272828
0.000641447
-0.00724933
-0.00272693
0.000958583
0.00528659
0.00382108
-0.0021699
-0.00652517
-0.00608156
0.000781296
0.00387747
0.00239711
-0.00343369
-0.00148328
-0.00208151
-0.00209543
0.00240634
0.00536486
0.00339117
0.0012147
-0.00353325
0.000851997
0.00298119
0.00708477
0.00346206
-0.00547201
-0.00382725
-0.000231837
0.00210833
0.00288533
-0.001632
-0.00267089
-0.00389513
0.00231084
0.00134176
0.00433883
0.000854641
0.00322873
-0.00322685
-0.000187424
0.00102721
0.00831453
0.0069855
0.00225985
-0.00397818
-0.00205019
0.00141221
0.00917661
0.0090595
-0.00327122
-0.0028663
0.00185605
0.00168517
0.00464278
0.000559924
-0.0097394
-0.00539201
-0.0014443
0.00217166
0.00297952
-0.00403217
0.00198996
0.000293877
0.000931943
0.00248373
0.00950286
0.0062515
-0.00534206
0.00125645
0.000351221
0.00502385
0.00368218
-0.00131162
-0.00974499
0.000620735
0.00521657
-0.000611816
0.000646836
-0.00474063
-0.00377243
0.007133
0.00798211
-0.00263394
-0.00196815
-0.00630742
-0.00648079
0.00439904
0.00443824
0.00244099
0.00219012
-0.00249045
-0.00192154
0.00761135
0.00367435
-0.00113846
0.000833261
-0.00618941
-0.00029406
0.00841817
0.00729477
0.00285266
-0.00264852
-0.00635289
-0.000486718
0.00815287
0.0043928
0.000736792
-0.00161382
-0.00856068
0.00114755
0.00740664
0.00476367
0.00108013
-0.000282434
-0.00298266
0.000911223
0.0049177
0.00170335
0.00154114
9.69319e-005
-0.00516087
-0.00204744
0.00341695
0.00423254
-0.000212414
0.00183588
-0.00344
-0.00544845
-0.0032027
0.00342977
0.00156079
0.00521849
-0.00174291
-0.00132296
0.00145967
0.00547399
0.00587819
0.00389765
-0.000598925
-0.00669913
-0.00293571
0.002004
0.00660949
0.00657442
-0.00119176
-0.00256377
1.49478e-005
0.00620754
0.00475339
0.0015164
-0.00109973
-0.00122585
0.00367723
0.0064522
0.00300023
-0.00269219
-0.00469382
-0.00604165
0.00100931
0.00500825
0.00830841
0.00399374
-0.0020262
-0.00207632
0.00388316
0.00638665
0.0031793
0.000129718
-0.00524715
-0.00423259
0.00434092
0.00657588
0.00368421
-0.000750886
-0.00601602
-0.00341697
0.00304237
0.0014621
0.00121135
0.00199628
-0.00185894
-0.0042374
0.00611794
0.00563718
0.0033387
0.000549731
-0.00480398
-0.00104762
0.00372758
-0.00058945
-0.00104423
0.00449466
-0.0022978
-0.00120949
0.00424717
0.00154822
-0.00443069
0.00050465
0.00143881
-0.00352966
0.00565484
0.00324821
-0.00536285
-0.00740206
-0.00148665
-0.00120338
0.00518089
-0.00112722
-0.00278108
0.00349311
0.00186273
-0.00426452
0.00735028
-0.00102459
-0.00574047
-0.00395643
0.000324105
-0.00336801
0.00328099
0.00376176
0.00111045
-0.00957118
-0.00781451
-0.00666927
0.00371388
0.00685064
0.0079684
-0.00726532
-0.0100498
-0.00159272
0.00791546
0.000262157
-0.00356159
-0.00826442
-0.00400125
-0.00514099
0.00452682
0.0041353
0.00160636
-0.00559604
-0.00683341
-0.00462494
0.00265341
0.00236421
0.00556252
0.00689238
-0.00391118
-0.00491682
0.00455339
0.00426521
0.00688258
0.00837053
-0.00410665
-0.00434782
0.00429145
0.00553644
0.000655734
0.00644068
-0.008869
-0.00223081
0.00427902
0.00356114
0.00241772
0.00190443
-0.00244015
-0.00390487
-0.000751312
0.00670535
0.00764723
0.00703221
-0.00376028
-0.00357786
-0.000860251
-0.00137664
0.00324677
0.00378746
-0.00494918
-0.00285738
0.00214815
0.0031593
0.00175717
-0.000309413
-0.00396196
0.00164623
0.00612952
0.00131211
0.00108171
0.00173512
-0.00498117
-0.00138394
-0.00100708
-0.00377529
0.000623509
0.00230091
-0.00086194
0.00517073
-0.00178138
-0.00621328
-0.00597441
0.00139979
0.00175502
0.00489794
0.00795975
0.0024605
0.000675289
-0.000451627
-0.00736284
0.00452465
0.00889664
-0.00139829
-0.00496627
-0.00317137
-0.000344485
0.0101613
0.00239488
-0.00468253
-0.00902997
-0.00351296
0.00424716
0.00852857
0.00541635
-0.00386514
-0.0112842
-0.00497496
0.00318633
0.00600015
0.00748167
-0.000197871
-0.00510293
-0.00484792
0.00480572
0.00372886
0.0038971
-0.00338057
-0.00869781
-0.000882458
0.00222888
0.00591704
-0.000364327
-0.00469429
-0.0104998
-0.002922
0.00296004
0.0109815
-0.000291747
-0.00792009
-0.0094253
-0.000210286
0.0064291
0.00534813
0.00219241
-0.00591633
-0.008196
0.00114468
0.00435232
0.0127601
0.0041413
-0.00812353
-0.00874962
0.00171979
0.00465659
0.0112307
0.00337878
-0.00378112
-0.00913903
-0.0053778
0.00256931
0.0116796
0.00504781
-0.0048608
-0.0106046
-0.00786992
0.00266748
0.0141555
0.00565221
-0.00375352
-0.00740797
-0.00361166
0.00390995
0.0111731
0.00310766
-0.00434655
-0.00943377
-0.00875833
0.00447934
0.015756
0.00499447
-0.00709854
-0.00965988
-0.00946416
0.00696296
0.0195642
0.00609821
-0.00913963
-0.00987149
-0.00253787
0.0131023
0.0101683
-0.00315704
-0.00720559
-0.00751453
-0.00673819
0.00871103
0.00996801
0.000167051
-0.008089
-0.00742125
-0.00326966
0.00691155
0.0126463
-0.00272025
-0.0068321
-0.00924217
-0.000535633
0.00924981
0.0106922
0.000931372
0.00103329
-0.00155232
-0.00051462
0.00424493
0.00356106
-0.00514246
-0.0055791
-0.00744059
-0.00365359
-0.000583403
0.00227854
0.00129264
0.00121094
-0.000673381
-0.00127253
-0.000755212
0.00860467
0.00283877
0.00451027
-0.000772221
-0.0071833
0.00305467
0.0066894
0.00313509
-0.0012259
-0.00482398
-0.00272461
0.00315565
0.0040639
-0.00309651
0.00156721
-0.00308764
-0.00858655
-0.000774926
0.00273036
-1.67497e-005
-0.00141625
-0.00526627
-0.0050129
-0.000938796
0.00522629
0.00148194
-0.00145692
-0.000886651
0.00283857
0.00646382
0.005143
-0.000141064
-0.000188699
0.00106208
0.00773581
0.00487891
0.00254402
-0.00224006
-0.00420406
-0.0022236
0.000800429
-0.00192031
0.00219702
-0.00101761
-0.000497765
-0.000193563
0.00654243
0.000766275
0.00457994
-0.00228442
-0.000549878
-9.89584e-005
0.00653858
0.00615002
0.0021384
-0.00383554
-0.00453521
0.00227874
0.00891618
0.00911048
-0.000144712
-0.00324877
-0.0032438
0.000612158
0.00446116
0.00137066
-0.000287765
-0.00089692
0.000624049
-0.00101271
0.00613216
0.00498395
0.00176534
-0.000818186
-0.00423454
0.00100181
0.00469931
0.00478777
-0.00325623
0.00693438
0.00090373
0.0019306
0.00266727
-0.00308335
0.000105444
0.00099685
-0.000797424
0.00218546
0.00460987
0.00409739
-0.00164299
0.00475912
0.000995601
0.000878098
0.0019205
-0.00848666
-0.00402151
0.00949922
0.00552595
0.00391998
0.000958711
-0.00493838
-0.00266997
0.00920379
0.00184659
0.000839471
0.000684731
-0.00581497
-0.00328208
0.00476156
0.00589904
0.00374313
-0.000666634
-0.00725004
-0.00609357
0.00688086
0.00338947
0.001975
0.00111935
-0.00452914
0.0009432
0.00715213
0.00213884
-0.00129782
-0.000800814
-0.00133112
-0.00099287
0.00703136
0.000590328
-0.00235251
0.000987899
-0.00170658
0.00164302
0.00504307
0.00224235
-0.00140231
0.00270824
-0.000279224
0.000943203
0.00747986
0.00438719
-0.00180378
-0.000464055
0.00092933
-0.00369514
0.00310586
0.00318076
0.0028965
0.00130393
-0.00109874
-0.00700608
-0.0027095
0.00237898
0.00362602
0.00289965
-0.00258109
-0.000535757
0.00383774
0.00517702
0.00245917
0.00205482
-0.00169806
5.88024e-005
0.0049378
0.00426115
0.00352967
0.00250944
-0.00437111
-0.00635656
-0.00347727
-0.000103687
0.00276905
0.00375854
-0.00249449
-0.00394591
0.0029208
-0.000651738
0.00147429
0.00128198
-0.00620885
0.00368032
0.00902801
0.00504249
0.00378145
0.00294706
-0.00211017
0.00271671
0.0113016
0.00299174
-0.0011386
0.00223707
-0.00603603
-0.00722195
0.00665004
0.00149843
-0.000567473
0.000612969
-0.00695755
-0.00757602
0.00624214
-0.00158988
-0.00348934
0.00111478
-0.00486329
-2.05998e-005
0.0157119
0.00210698
-0.00021215
-2.20203e-005
-0.00246994
0.000543876
0.0115788
-0.0014099
-0.00515922
0.00135156
-0.00303289
-0.00379485
0.00471951
-0.00186089
-0.00482927
0.000605694
-0.00178245
-0.00247084
0.0103762
0.000574913
-0.00674235
-0.0050132
-0.00563593
0.00474993
0.0121268
-0.000617918
-0.00527763
-0.000515235
-0.00208553
0.00230214
0.0135978
0.00139433
-0.00544666
-0.00626454
-0.00804275
-0.001802
0.0105631
0.00367374
-0.00593292
-0.00942794
-0.00681606
-0.00478387
0.00588659
0.00570557
-0.00571275
-0.00382845
-0.00399778
0.00116233
0.0120665
0.00707855
-0.00572902
-0.00790581
-0.00530143
-0.00142472
0.0090769
0.003102
-0.00408785
-0.00342049
-0.00278276
-0.00187461
0.00284975
0.00632413
0.00454906
0.00925433
-0.00840249
0.000710849
0.00847068
0.000909623
0.00241889
0.00291638
-0.000430671
-0.00149666
0.00197429
0.00378358
0.00607922
0.0075554
-0.00310397
-0.00127504
0.00489187
0.00689747
0.00318491
0.00242423
0.000310195
0.000722837
0.0036836
0.00308297
0.000771608
0.000847059
-0.00173779
0.00152874
0.00570765
0.00221193
0.00363206
0.00201932
-0.0055609
-0.0020455
0.00509777
0.0052334
0.00200174
-0.00291166
-0.00423965
-0.000417189
0.00353339
0.00424751
0.00674817
0.00380413
-0.00557043
0.00257202
0.00621878
0.00411565
0.00440424
0.00112263
-0.0083419
0.00261601
0.0088677
0.00392665
0.000982753
-0.00047787
-0.0088627
-0.00312539
0.00219198
0.00599266
0.00702361
0.00519978
-0.00677106
-0.00248651
0.00224617
0.00650885
0.00556658
0.00389937
-0.00472333
0.00522078
0.00740042
0.00158605
-0.000518523
-0.00333284
-0.00336558
1.86263e-005
0.00198849
-7.10957e-005
-0.0014336
-0.000581067
-0.002825
0.00088929
0.000569468
0.00186695
0.00218318
0.00360869
-0.00123944
-0.000104124
-0.00114973
-5.532e-005
-3.93905e-005
0.00306724
-0.000271318
0.00219338
0.00212013
-0.00260934
-0.000195071
-0.00110273
0.00042199
0.00756469
0.00409734
-0.00425507
-0.00369236
-0.00115711
0.00266449
0.000715015
-0.00220136
-0.000106715
0.00138375
0.000584375
-0.000500238
0.00520481
0.000840743
-0.00231598
-0.000117811
0.00168098
0.000636805
0.0101135
0.00501095
0.00119463
-0.00368376
-0.00650643
0.00167163
0.00503607
0.000954521
-0.00405266
-0.00573016
-0.00718881
0.00342988
0.00763732
0.00336387
0.00318507
0.000506574
-0.00381746
0.0021044
0.00643103
0.00118959
-0.00280358
-0.00541887
-0.00432424
0.00344689
0.00535241
-0.00176422
-0.0041587
-0.00416282
-0.00359614
0.00639788
0.00436201
-0.000834565
-0.00234187
-0.000276703
2.02325e-005
0.00496861
0.00281027
-0.00279588
-0.00137005
-0.0033034
-0.00113142
0.00544664
0.00158101
-0.00114136
0.00188143
0.00255658
0.000981027
0.00384712
-0.00118924
-0.00290832
-0.00387704
-0.00266921
-0.00336326
-0.00150203
0.000952126
0.00378994
0.00843884
0.0031595
-0.00244288
-0.00268994
0.00364576
-0.000920738
-0.00125995
-0.0015326
-0.00157182
0.00180482
0.00531801
0.00804547
0.00842445
0.00445691
-0.00427185
0.00253218
0.00295228
-0.000878056
0.00767891
-0.00225606
-0.00670131
-0.00200668
-0.000508062
-0.000835021
0.00283692
-0.00127543
-0.00188627
-0.00327666
0.000549414
0.00386681
0.0109544
-0.001086
-0.00748884
-0.000369923
-0.00432355
0.00379066
0.0062292
0.00187748
-0.0024804
-0.00444104
-0.00409231
-0.00408584
-0.00264699
-0.00244654
0.000197683
-0.00336801
-0.000296409
0.000421835
-0.00144737
0.00452772
0.00461704
-0.00177422
-0.00286545
0.00414941
0.00321796
-0.00120108
-4.39364e-005
-0.00265253
0.00474805
0.00902905
0.00643897
0.00185581
0.000126215
-0.00216794
-0.00104229
3.01136e-005
-0.00310914
0.00111692
-0.00196572
-0.00482625
0.00220805
0.00340561
-0.000654119
-0.00460609
-0.000994224
-0.000854925
0.00333498
0.0122563
0.00368743
-0.000489673
-0.00143054
-0.00268586
0.00619827
0.00734665
0.00159125
-0.00961975
-0.00181915
-0.00141195
-0.00134606
0.00193448
-0.00502163
-0.00344551
0.00318998
-0.00176192
-0.00470581
0.00219132
-0.00475179
-4.02066e-005
0.00380893
-0.00551642
0.00411377
0.000628838
-0.00629073
-0.00610152
0.00298475
0.00331099
0.00239265
-0.000467734
-0.00353349
-0.000261716
0.00617886
0.00046251
-0.00169618
0.000969026
0.000265404
-0.000323897
-0.001427
-0.00502755
-0.000901253
0.0052976
-0.000191543
-0.00339828
-0.00326122
-0.00249882
0.00375472
0.00276648
0.00130684
-0.000513491
0.00248171
-0.00108546
0.00645041
0.00776145
0.00407172
-0.00229886
-0.0051236
-0.00131848
0.00285484
0.00234592
-0.00107718
-0.00500827
-0.000342795
0.000467638
0.00445371
0.00419563
0.000656254
-0.0060652
-0.00333413
0.000104569
0.0101517
0.00798202
-0.000575884
-0.00312789
-0.00105753
0.000894362
0.00871833
0.00584581
-0.00301726
-0.00440182
-0.00256426
0.00388709
-0.000919676
5.65351e-005
-0.0021035
-0.00378886
-0.00497858
-0.00686716
0.00200554
0.00430386
-0.00172755
-0.00178567
-0.00419791
-0.00789593
0.00623885
0.00433526
-0.000435107
-0.00310393
-0.00550427
-0.00180964
0.00478011
0.00727772
-0.00322383
-0.00376798
-0.00426693
-0.00153995
0.00118882
0.00837255
-0.00170534
-0.00240707
-0.00256839
-0.00765684
0.0012585
0.0107159
-0.000743199
-0.00588352
-0.000794341
-0.00841931
0.00399092
0.0112268
-0.00528996
-0.00550544
-0.000939013
-0.00294753
0.00348113
0.0120203
-0.00239072
-0.0076517
-0.00177339
-0.00808991
0.00155587
0.0110786
-0.00321155
-0.00534848
-0.000479941
-0.00543601
0.00243022
0.00790369
-0.00756931
-0.00716212
-0.00213009
-0.00284994
0.00304239
0.0132339
7.93379e-005
-0.00363604
0.00192295
-0.00455386
0.00124701
0.00713095
-0.00526694
-0.00571411
0.000327979
-0.00136538
0.00547759
0.00900154
-0.00397416
-0.0079693
-0.00224426
-0.00179251
0.00213879
0.0117173
-0.00327788
-0.00594451
-0.00379232
-0.00567716
0.00564385
0.00837154
-0.00519877
-0.00422238
0.00055698
0.00310177
0.000835889
0.00739784
-0.00455812
-0.00212122
-0.00245709
-0.000745745
-0.000681277
0.00804557
0.00141534
-0.00529578
-0.00445355
-0.00427808
-0.00576912
0.00893234
0.00129458
-0.00638713
-0.00496403
-0.00455306
0.00019471
0.00834827
-0.000285058
-0.0037153
-0.00115646
-0.000266985
-0.00214489
0.00848767
0.00280236
-0.00690588
0.000294847
0.00241171
-7.37304e-005
-0.001502
0.00258512
0.00471123
0.00663862
-0.000940996
-0.0026542
0.00313198
0.00791122
0.000613293
-2.6912e-005
-0.00542365
0.00179962
0.00105826
0.00256328
0.0108825
0.0058335
0.00120979
-0.00158667
-0.000179981
0.00849443
0.00781533
0.00542341
-0.00589307
-0.0013366
0.00747493
0.0072067
0.00382428
-0.000836367
-0.00541518
-0.000484229
0.00363899
0.00276025
0.0062869
0.00733558
-0.000792147
-0.00206225
0.00195936
0.00608318
0.00963397
0.00842398
-0.00654482
-0.00535291
-0.000548142
3.91473e-005
0.00408546
0.00827847
-0.00409883
-0.00188199
0.00104659
0.00300142
0.00844462
0.00904443
-1.68689e-005
-0.00164506
0.00204087
0.00482841
0.00758831
0.0100764
-0.00141338
-0.00847689
-0.00105589
3.73446e-005
0.00181518
0.00906162
-0.00253528
-0.00692658
0.000817665
0.00239729
0.00335733
0.00653777
-0.00268867
0.000914846
0.00106337
0.00336716
0.00397965
0.00575561
-0.00152504
0.00110715
0.00155485
0.00263377
-0.000655273
0.00280963
0.00158505
-0.0046072
0.00182657
0.00441005
0.00249865
0.00250946
-0.00368213
0.00184836
0.00359243
0.00283726
-0.000960723
-0.00249062
-0.00271013
0.00414888
0.001822
0.00417645
0.000760423
-0.0029975
0.00111796
0.00675709
0.00370499
0.00216442
0.00210198
-0.000346888
0.00289522
0.00330046
0.0014425
0.00473163
0.000469994
-0.00599521
-0.00110256
0.0045517
0.00312221
0.00324478
-0.000184059
-0.00853025
-0.00461205
0.00510339
0.00240536
0.00360854
0.0031646
-0.00335858
0.00105537
0.000658134
-0.00258094
0.000284748
0.000430514
-0.00228996
0.00121777
0.00252021
0.000932182
0.00247288
0.00118357
-0.00491218
-0.00291495
-0.0041361
-0.00175426
0.0006848
-0.000112042
-0.00165975
-0.00410967
-0.00154799
-0.0052719
-0.000669026
-0.000908526
-0.00222706
0.00280648
0.00271434
-0.00175472
0.00221309
-9.87891e-005
-0.00162247
0.00125642
0.000943034
-0.00275458
-0.000760679
-0.000201755
0.00089012
-0.00147436
0.000467173
0.00364353
0.00378014
0.00113615
-0.00259599
-0.00138211
0.0061019
-0.00172293
-0.00146467
-0.00170475
-0.0048747
-0.000934322
0.00423199
0.00475946
0.00454997
0.00345577
-0.00247995
0.00303834
-0.00135857
-0.00108977
0.000849129
0.0010851
-0.00468641
-0.00289678
-0.0031982
0.00100799
0.0046698
0.00487174
-0.00181604
-0.00067683
-0.00110118
0.00198055
0.00545998
0.000849523
-0.00458378
-0.000326119
-0.00279307
0.0015323
0.00858339
-0.000850825
-0.00480476
-0.00313134
-0.00558437
-0.004007
0.00525984
0.00329858
-0.00220889
-0.00178478
-0.00369528
-0.00193996
0.0073948
-6.14552e-005
-0.00357822
-0.00565452
-0.00156739
0.00139914
0.00206117
-0.00670391
-0.0024203
-0.00594189
0.000692791
0.0117081
0.00850334
-0.00235059
-0.00170559
-0.00473127
-0.00128416
0.00016003
0.0054774
-0.00270379
-0.00399853
-0.00574436
-0.00225493
0.00849213
0.00770212
-0.00263287
-0.000622805
-0.007004
-0.0022442
0.00905643
0.0039484
-0.00586387
-0.00413092
-0.00527725
0.00247018
0.00801459
-0.00313462
-0.0106587
-0.00333819
-0.00142966
-0.00324901
0.012535
0.00705491
-0.00596904
-0.00346353
-0.00531497
0.00135194
0.00936225
0.00127512
-0.00909903
-0.00300435
-0.00248083
0.00167419
9.23225e-005
-0.0073547
-0.00983826
0.00190785
0.000965352
-0.00127508
0.000802088
-0.00484459
-0.00107819
0.00409934
-0.00111707
-0.000542529
0.00572226
-0.00599347
-0.00893542
0.0037436
0.00288817
0.00198396
0.00255646
-0.00105328
-0.00252349
0.00250782
0.00278819
-0.00122367
0.0067862
0.00158353
-0.000495521
-0.000886949
-0.00356676
0.00528528
0.0131439
-0.000225765
-0.00687373
-0.00720707
-0.00805697
0.00338378
0.00744922
-0.00158867
-0.00258929
0.00163649
-0.00250386
0.00506211
0.0097699
0.00119944
-0.00579017
-0.00271585
-0.00417836
0.00462426
0.00776696
-0.00624534
-0.00438989
-0.00155589
-0.00668133
0.000519678
0.00540913
-0.00354507
-0.00340306
-0.00294423
-0.00457955
0.00373463
0.0104303
0.00178499
-0.0015268
0.000183583
-0.00354249
0.00140433
0.00860411
0.00599628
0.000319521
-0.00234109
-0.0083978
-0.000454267
0.00617171
0.00144167
-0.0028374
-0.00660332
-0.00695951
-0.000731205
0.00784379
-0.00265201
-0.00585556
-0.00638785
-0.00348994
0.000458852
0.0131242
0.00665302
-0.0048278
-0.00715538
-0.00828386
-0.00147841
0.00625012
0.00169804
-0.00439169
-0.00527489
-0.00981666
0.00419528
0.011809
-0.00306454
-0.00683178
-0.00249349
-0.00216204
0.00444345
0.0122509
-0.00314993
-0.00698222
-0.00238455
-0.00789208
0.00112478
0.0103187
0.000545421
-0.00377605
-0.00382986
-0.00700244
0.00648296
0.00883846
-0.000989138
-0.00604967
-0.00449411
-0.0096063
-0.00107734
0.0105402
0.000121977
-0.000533794
-0.000338779
-0.00582492
-0.00491177
0.0102758
-0.000253586
-0.00278847
0.00149576
-0.00373697
-5.77143e-005
0.0106427
0.00384817
-0.00104682
-0.00349371
-0.0096056
-0.00480828
0.0101944
0.00227185
-0.00334332
-0.00146829
-0.0101908
-0.000401499
0.0111998
-0.00312066
-0.00739696
0.00158593
-0.00257296
0.00282366
0.0117012
-0.00454465
-0.00729936
-0.00189747
-0.00305317
-0.000919105
0.0145594
0.000783537
-0.00308178
-0.00222637
-0.00998522
-0.00033415
0.00972583
-0.00141886
-0.00403651
-0.00370192
-0.0101467
-0.0012702
0.00650664
-0.00501678
-0.00847954
-0.00244528
-0.00260038
-0.000950319
0.00686872
-0.00138291
-0.00561557
0.000383881
-0.00225687
-0.0052907
0.00626801
-0.000193188
-0.00431788
-0.00482366
-0.009171
-0.00446095
0.00429356
0.00306051
-0.00244852
0.00237291
-0.00254234
-0.00546688
0.00115095
0.00598088
0.0102941
0.0049321
-0.00718789
-0.00846787
-0.00268111
0.00325404
0.00716725
0.00590782
-0.00936466
-0.000761429
0.00012015
0.00682813
0.0127938
0.00653009
-0.00290063
-0.00338633
-0.00175343
1.8885e-005
0.0068565
0.0039767
-0.00551831
-0.00556409
-0.000637869
0.0044054
0.0107518
0.0145443
-0.00536971
-0.00759343
-0.000776732
0.00587301
0.00614577
0.00868846
-0.00656207
-0.00416692
0.00573606
0.0033873
0.00649367
0.00869758
-0.00355172
-0.00990125
-7.29271e-005
0.00718703
0.00741355
0.00610498
-0.00582793
-0.00662936
0.00178863
0.00620672
0.00775556
0.00601422
-0.0026142
-0.00296647
0.00166444
0.00539658
0.00753708
0.00848266
-0.00273784
-0.00587774
0.00199994
0.00486811
0.00927069
0.00680429
-0.00117702
-0.00326662
-0.00089255
0.00288081
0.00414734
0.00701873
0.00263745
-0.000824513
0.00183504
0.00359239
0.0046543
0.0035453
-0.00238594
0.000729638
0.00373376
0.0050302
0.00508511
4.0087e-005
-0.00286307
-0.0025786
-0.00307891
0.00424362
0.00228331
0.000336179
0.000104161
0.000752097
0.00109267
0.0084003
0.00864994
-0.00101068
-0.000852643
0.00178624
0.00105476
0.00663935
0.00451674
-0.00473672
-0.00240173
0.00140232
0.00657343
0.00829963
0.00305485
-0.00527532
-0.00518478
-0.00424214
-0.00154128
0.00560872
0.00666894
-0.00305687
-0.00404379
-0.00255559
0.00335835
0.00739378
0.00530288
-0.00361177
-0.00465203
0.00216547
0.00351221
0.007454
0.00382415
-0.00351099
-0.0046823
-0.000284554
0.000693774
0.00560717
0.00484539
0.001633
-0.00334139
-0.00122216
-0.000459996
0.00799866
0.00669843
-0.00258034
-0.00446176
-0.000389246
-0.000560801
0.00726554
0.0110069
-0.00236482
-0.00532901
0.00205279
0.00141206
0.00202034
0.00176085
-0.0023571
-0.00533386
-0.00113873
0.00426072
0.00740624
0.00432637
-0.00176475
-0.00657477
0.000425071
-0.00211429
0.00457747
0.0037564
-0.00537315
-0.00562727
-0.00219463
0.00462486
0.0102523
0.0044182
-0.00550077
-0.00486676
-0.00364997
-0.000989274
0.00379168
0.00358866
-0.00218147
-0.00648719
-0.00438947
-0.00491769
0.00928691
0.00800339
-0.00309273
-0.00293536
-0.00613089
0.00143386
0.0107168
0.00469646
-0.00464765
-0.00793385
-0.0077638
0.00131299
0.0141995
0.0114818
-0.00347167
-0.00657196
-0.00346351
-0.00786718
0.00322562
0.00218321
-0.0052337
-0.00221824
-0.00493881
-0.00399538
0.00649528
0.00416438
-0.0047051
-0.00366567
-0.00870916
-0.00480604
0.00799334
0.0047646
-0.00653732
-0.00700675
-0.00849761
-0.00087975
0.00559973
0.00150821
-0.00690678
-0.00679928
-0.000573472
-0.0031843
0.000298869
-0.00315719
-0.00615847
-0.0047957
-0.00312634
0.00744785
0.00678316
0.000176242
0.0007182
-0.0034481
-0.00617865
0.0033355
0.00400631
0.00061663
-0.00807353
-0.00849594
-7.25379e-005
0.00968481
0.00922291
0.000556946
-0.00691767
-0.00365608
-0.00409224
0.007685
0.00259502
-0.00746516
-0.00365451
-0.00413298
-0.00221168
0.0066407
0.00140439
-0.00805662
-0.0040721
-0.00179636
-0.000270421
0.00775663
0.0079614
-0.00417373
-0.0112288
-0.00299584
-0.000901811
0.00667374
0.00118122
-0.00553518
-0.0111265
-0.00288833
-0.00118292
0.00318064
-0.00367106
-0.00839623
-0.000939185
-0.000246483
0.00513771
0.00479284
-0.00796949
-0.00794983
-0.000256767
0.00059672
0.00472396
0.00739947
7.27078e-006
-0.00534818
-0.00776408
-0.000161577
0.00810415
0.007133
-0.00669135
-0.0154559
-0.00578324
0.00218026
0.00443525
0.00229014
-0.00978062
-0.0051723
0.000392022
-0.00139845
0.00650365
0.00374217
-0.00571277
-0.00592674
-0.00113806
0.000465415
0.0126542
0.00639045
-0.00869422
-0.0110836
-0.00122052
0.00254809
0.010623
0.00742774
-0.00274806
-0.00714408
0.000389602
-0.00104198
-0.00204949
0.00634391
-0.000954143
-0.00563726
-0.00162206
-0.0058765
-0.00205469
0.00788201
0.00382531
-0.00437166
-0.00811729
-0.00874657
0.00688423
0.0130417
-0.000258863
-0.00883698
-0.000763436
-0.00175769
0.00222059
0.0108249
0.000549058
-0.00895671
-0.00455301
-0.00373445
-0.00061942
0.00896353
0.00419921
-0.00130945
-0.00633497
-0.00752523
-0.00136252
0.00400137
-0.0033605
-0.00566945
-0.00416875
-0.00954095
0.00197905
0.00932411
0.00326727
-0.00471145
-0.00334444
-0.0026262
0.0012706
0.00499847
0.00103009
-0.00650559
-0.00441431
-0.0078876
0.000498353
0.00609959
-0.00347855
-0.00271525
-0.000536882
-0.00815371
0.00421033
0.00674446
-0.00100162
-0.00521847
-0.00421988
-0.00730226
0.00356235
0.00636227
-0.0049017
-0.0042465
-0.00138049
-0.00453463
0.00046272
0.00835989
0.00397536
-0.00299214
-0.00361377
-0.00484591
0.00186098
0.0107459
0.00348607
-0.00133465
-0.00322987
-0.00650694
0.00131291
0.0128108
0.0017194
-0.00351282
-0.00307572
-0.00939643
0.00167948
0.0180535
0.00516494
0.000246171
-0.00502995
-0.00857849
0.000408344
0.0126311
0.00144612
-0.00321075
-0.00335585
-0.0117731
-0.0018013
0.0112095
0.00426026
-0.00184115
0.00135804
-0.00990298
-0.00387929
0.0094671
0.00111384
2.06721e-005
0.000145568
-0.00916311
0.000814692
0.0129391
0.003744
-0.00241229
-0.00042439
-0.010015
0.00307461
0.0114358
-0.00233782
-0.00202489
-0.000455194
-0.00757794
-0.00567971
0.00925822
0.000561376
-0.00285361
0.000294456
-0.0100213
-0.00378231
0.00697648
0.00178917
-0.00229952
0.00240956
-0.00436599
-0.000541194
0.00993151
-0.00350187
-0.00342805
0.00356905
-0.00608423
-0.00315244
0.00728789
-0.00161199
0.000546494
0.00518624
0.00138461
-0.00368625
-0.00176265
0.00837507
0.0149267
0.00594296
-0.00387889
-0.00557561
0.00032072
0.00271488
0.00553616
0.00365774
-0.00470882
-0.00614759
-0.00333592
0.0111049
0.0108305
0.00444039
-0.00630549
-0.00710107
0.000648455
0.00459174
0.00697921
0.0012373
-0.00539368
-0.00526992
0.00666594
0.00600678
0.00415397
0.00361424
-0.00316999
-0.00891709
0.00118253
0.00723871
0.00605332
0.00532037
-0.00563499
-0.00590106
0.00239328
0.0104054
0.00969804
0.00647809
-0.000363633
-0.0089158
-0.00189913
0.00767257
0.00810031
0.00139197
-0.00570996
-0.00605069
0.000652688
0.00528878
0.00918764
0.00575195
-0.00385552
-0.0053865
0.00190271
0.00281168
0.00453944
0.00550332
-0.00075124
-0.0062707
0.00339838
0.0069218
0.0106585
0.00450017
-0.00270978
-0.00594153
0.003664
0.00930922
0.00541963
0.00226222
-0.0047397
-0.00242797
-0.000360007
0.00582433
0.00329597
-0.00114705
0.000336507
-0.000993092
0.00257635
0.0105026
0.00706131
-0.00283515
-0.00116122
-0.00375938
0.00397559
0.013087
0.00309109
-0.00174357
-0.00537161
0.000400335
0.00638726
0.0110791
0.0092819
-0.000131576
-0.0031861
-0.00297777
-0.000587466
0.00796087
0.00833803
-0.00151772
-0.00206875
-0.00108662
-0.000156373
0.00718155
0.00593085
-0.00125942
-0.00300991
-0.00320686
-0.00145234
0.00920957
0.0110832
-0.00176124
-0.00127849
-0.00294564
0.00171454
0.00745154
0.00966779
-0.00123078
-0.00181176
-0.000828112
-0.00404595
0.00847285
0.00620745
-0.000938755
-0.00281181
-0.00159043
-0.00168
0.00946592
0.00961998
-0.000297594
-0.00434414
-0.00382571
-0.00110224
0.00717366
0.00661445
-0.00293862
-0.00305504
-0.0045541
0.000804024
0.00970331
0.00772509
-0.000532019
-0.00290898
-0.00318421
-0.00216245
0.00473041
0.00441131
-0.00387812
-0.00826351
-0.00605103
0.00453458
0.0152273
0.00822304
-0.00431407
-0.00720988
-0.00480912
-0.00013429
0.0107798
0.00627027
-0.00278452
-0.00842674
-0.00981619
0.00340824
0.0153294
0.0126209
-0.000659443
-0.0108381
-0.0058341
3.87794e-005
0.0131013
0.00487095
-0.00578073
-0.0114653
-0.00700917
0.000907031
0.0173423
0.0109613
-0.00480389
-0.0110995
-0.009767
0.000709244
0.0133324
0.0066035
-0.00402208
-0.0141898
-0.0107235
0.00652662
0.0189958
0.0137002
-0.00566818
-0.0101083
-0.00643283
-0.0028769
0.00732633
0.00631147
-0.00635133
-0.0072174
-0.00812655
0.00300378
0.0088048
0.0017186
-0.00502434
-0.00677545
-0.00863531
0.00188709
0.0132717
0.00544874
-0.00856406
-0.00708025
-0.00665921
0.00502789
0.0074187
0.00274288
-0.00645429
-0.006975
-0.00665853
0.00192993
0.00663168
-0.00187533
-0.00547788
-0.00836974
-0.00142709
0.0132496
0.0119858
-0.00189845
-0.00809735
-0.00548528
-0.00606021
0.00102422
0.00646445
-0.0010261
-0.00525572
-0.00948961
-0.000155343
0.00537797
0.0106758
0.000445776
-0.00464512
-0.00696667
-0.00173602
0.00704595
0.00607682
-0.0034928
-0.0130322
-0.00960851
-0.000418643
0.00509853
0.00613535
0.000778416
-0.00992538
-0.00638989
-0.00381236
0.00513677
0.00771694
-0.0011445
-0.00875863
-0.011328
-0.00304299
0.00504882
0.00540235
-0.000181942
-0.00612405
-0.0116271
0.00436824
0.00528586
0.00129173
-0.00526334
-0.00631348
-0.00209656
0.00641387
0.0130678
-0.0010684
-0.0140684
-0.00867619
-0.00153612
-0.000666859
0.00967305
0.00492051
-0.00344421
-0.00308975
-0.00940474
-1.59563e-005
0.0111888
0.000968667
-0.0108107
-0.010522
-0.00977082
0.00126712
0.00936116
-0.00527131
-0.0120348
-0.00752464
-0.00634233
0.00304868
0.0145619
0.0027153
-0.00986066
-0.00652356
-0.00553688
0.000274051
0.0133743
0.00109876
-0.013897
-0.010283
-0.00990366
0.00161325
0.0181314
0.00496248
-0.0115085
-0.00953827
-0.0108453
0.0015355
0.0108218
0.00244748
-0.0109317
-0.00400854
-0.00567857
-0.00168534
0.0121915
-0.000424463
-0.0115801
-0.00393581
-0.00817544
-0.000487284
0.0157174
0.0064108
-0.0115723
-0.00579551
-0.011716
-0.00680897
0.012304
-0.000669355
-0.0104189
-0.00562171
-0.0132463
0.000596852
0.0116151
0.00209578
-0.00435435
-0.00126476
-0.00556239
-0.00125472
0.0055978
-0.00469035
-0.0102818
-0.00509358
-0.00585557
-0.00463452
0.0129058
0.00143294
-0.00434981
-0.00253619
-0.0112581
-0.00162184
0.0023285
-0.00337529
-0.00711055
0.0018116
-0.00526727
0.000807884
0.00822235
-0.00422363
-0.00704832
-0.000496901
-0.00212511
-0.000219431
0.010799
0.00356163
-0.00438517
-0.00293061
-0.00521839
0.00217078
0.00416879
-0.00398744
-0.00259862
0.0038414
-4.48638e-006
-0.00313752
0.00282004
0.00225061
-0.00180759
0.00281922
-0.00532381
-0.00201595
0.0142266
0.00313792
0.00205905
-0.00021869
-0.00959158
-0.000169713
0.0140632
-0.00183059
-0.0051187
-0.000914743
-0.0115395
-0.00305444
0.0085644
-0.000430739
0.00188915
0.0026957
-0.0066241
-0.000260316
0.00715248
-0.00578966
-0.00230733
0.00200697
-0.0100548
0.00235905
0.0121622
-0.00459358
-0.00624016
0.00194657
-0.00865741
0.00325873
0.00892478
-0.00754501
-0.00444601
0.00022242
-0.003643
0.00658112
0.0101927
-0.00725293
-0.00130056
0.00495407
-0.00450355
0.00676623
0.0058539
-0.00820002
-0.00245297
0.00337237
0.00453731
-0.000832423
0.00445955
-0.0109315
-0.00319465
0.00425516
-0.00377031
-0.000225973
0.00329793
-0.00413379
-0.0038767
0.00207368
-0.0006017
0.00461377
0.00340857
-0.00908347
-0.00629337
0.0006347
0.000265726
0.00177288
0.00692065
-0.0027404
-0.0062148
0.00055233
-0.0034109
-0.00713976
-0.000380763
0.0130879
0.0136256
0.00112318
-0.00644881
-0.0069131
-0.000649285
0.0103249
0.00805182
0.000708253
-0.00480575
-0.0042308
0.00538194
0.00875553
0.00903755
-2.02768e-005
-0.00626813
-0.0063736
0.00082044
0.00982954
0.00789472
0.00207954
-0.00498014
-0.00543141
-0.00130339
0.00761857
0.00836288
0.00509519
-0.0034678
-0.00587695
-0.00266957
0.00521145
0.00949001
0.00380863
-0.00428393
-0.00282528
-0.000504152
0.0117696
0.0131542
0.00850847
-0.002198
-0.00439361
-0.00166192
0.00966653
0.0128335
0.00715868
-0.00606116
-0.00447742
0.00556939
0.00576599
0.00797542
0.00243027
-0.00253526
-0.00718857
0.00565607
0.00951786
0.00537919
-0.00154828
-0.00742124
-0.00471221
0.00590467
0.0116899
0.0110822
0.00817843
-0.00328857
-0.00792579
0.00923973
0.013576
0.0115799
0.00502491
-0.00637512
-0.0102147
0.00303717
0.0134014
0.00677243
-0.00351149
-0.00831571
-0.00731485
0.00158039
0.00838091
0.0110115
0.00237016
-0.00501837
-0.0122947
0.00422282
0.0158186
0.0148006
0.00215818
-0.00910412
-0.0075242
0.00230439
0.0124982
0.013576
0.00365525
-0.00646138
-0.0074158
-0.00173268
0.00696109
0.010798
0.00040489
-0.00579952
-0.00719724
0.00388312
0.00778712
0.012042
-0.00196734
-0.00558259
-0.00758146
0.00253191
0.0112059
0.011773
0.00486977
-0.00660958
-0.0073004
0.00179463
0.00933577
0.0141651
0.00109174
-0.00926312
-0.0084302
-0.000419392
0.0096837
0.00743268
-0.00382701
-0.00657155
-0.00778033
-0.000668619
0.0133424
0.0103124
-0.00301279
-0.00605758
-0.00875678
-0.00338401
0.0135218
0.0116896
-0.00440887
-0.00796186
-0.0103534
0.00029369
0.0133537
0.0153977
-0.00452073
-0.00920057
-0.00577645
-0.000964903
0.00905996
0.00480972
-0.00577596
-0.00715086
-0.00950577
0.00289507
0.0143691
0.00774742
-0.00314545
-0.00857708
-0.00945352
-0.00355426
0.0126038
0.011415
-0.0051205
-0.0066131
-0.00810059
0.000664216
0.0161692
0.0139456
-0.000167063
-0.00722016
-0.0134468
0.000417571
0.0115158
0.00472813
-0.00583793
-0.0126692
-0.0113594
0.000385493
0.0188295
0.0133069
-0.00345361
-0.00872321
-0.0154534
-0.00395421
0.0109589
0.00762103
-0.00192094
-0.00806345
-0.0126284
-0.00106894
0.0161456
0.0136339
0.000746547
-0.0064743
-0.00962908
0.00141816
0.0117781
0.00434586
-0.0059186
-0.0098299
-0.0098666
0.00549024
0.00648058
0.00243545
-0.00581664
-0.00864142
-0.00961861
-0.00173691
0.0107207
0.00572415
-0.00457753
-0.00622654
-0.00846733
0.00352566
0.00634952
0.001949
-0.00619608
-0.00818827
-0.00709543
0.000496651
0.00561346
-0.00037695
-0.00790645
-0.010403
-0.00321335
0.00074532
0.00947278
0.00491216
-0.00489698
-0.00665142
-0.00642549
0.00278097
0.0083204
-0.0021483
-0.007104
-0.00990903
-0.00381601
0.0064359
0.00861199
0.00261515
-0.00511712
-0.00837775
-0.00401557
0.00064754
0.0061948
0.00140272
-0.00801319
-0.00859808
-0.00193238
0.00587777
0.00724857
-0.00163868
-0.0070049
-0.00755217
-0.00330492
0.00317476
0.00710812
0.000123855
-0.0086197
-0.00955342
-0.0013655
0.00477454
0.00405401
-0.00193165
-0.00928946
-0.0074858
-0.000905207
0.0066419
0.0041146
-0.00971018
-0.00692093
-0.00801218
-0.000185527
0.00688349
0.00241582
-0.00808839
-0.0097203
-0.00419062
-0.000260033
0.00634686
-0.0012138
-0.0061975
-0.0107156
-0.00623508
0.00130153
0.00626214
0.00439082
-0.00409536
-0.0116614
-0.00599869
-0.00131374
0.00778666
0.00223466
-0.0115969
-0.00823118
-0.00868582
-0.00216776
0.0120322
0.00421801
-0.012585
-0.0089444
-0.0115608
0.000938435
0.00699592
0.00309867
-0.00833174
-0.00712566
-0.0068058
-0.00335581
0.00472988
0.000587642
-0.00461251
-0.00536289
-0.00772869
-0.000280426
0.012006
0.0021801
-0.0119618
-0.00643205
-0.00908469
-0.00478974
0.0141998
0.00214272
-0.00952949
-0.00674797
-0.0110915
-0.00303888
0.00983764
0.000929649
-0.00484808
-0.00480833
-0.00585388
-0.00656862
0.00577977
-0.00256027
-0.00737486
-0.00672112
-0.00819791
-0.00291605
0.010698
0.00256757
-0.00338797
0.000670655
-0.00969561
-0.00117397
0.00429861
-0.00502715
-0.00279809
0.00408704
-0.00919317
-0.00388986
0.00627214
-0.00100456
-0.00435492
0.00120997
-0.00585332
-0.00623282
-0.000878844
-0.00533235
0.0013393
0.00417655
-0.00759304
-0.00236368
-0.0015296
-0.0038885
0.00424893
0.00630578
-0.00720879
-0.00723206
-0.00197173
0.00287589
0.00288684
0.00424632
-0.00626698
-0.00775806
-0.00486243
-4.80176e-005
0.00874342
0.00600564
-0.00891001
-0.00779669
0.000117697
0.000857258
0.00513879
0.00396124
-0.00877158
-0.0048977
0.0026405
-0.00455405
0.00262183
0.00471974
-0.00717805
-0.00418314
0.00612852
-0.00985715
-0.00277334
0.00483048
-0.0098587
-0.00285682
0.00592521
-0.0025819
-0.000407131
0.00399299
-0.00581703
-0.00282945
0.00600197
-0.00316463
-0.00161645
0.00465251
-0.00372331
-0.000273842
0.00511844
-0.0110067
-0.00553596
0.00491409
-0.00735286
0.00483199
0.00545817
-0.00754482
-0.00781742
-0.00071634
-0.00276927
0.00114685
0.00936029
-0.0057918
-0.00336976
0.0046089
-0.0051074
0.00286566
0.00729497
-0.00392878
-0.00488836
0.00129446
-0.00465565
0.00545883
0.00528867
-0.00492381
-0.00616927
-0.00100644
-0.00396253
0.000114458
0.00414408
-0.00117273
-0.0067715
-0.00386809
-0.00923118
0.00198564
0.00686129
-0.00143225
-0.0034976
-0.0028858
-0.00615182
-0.0042145
0.000594383
0.00208128
-0.00148207
-0.00434076
-0.0107523
-1.70866
