<GMM>
<DimNum> 26 </DimNum>
<MixNum> 32 </MixNum>
<Prior> 0.0178497 0.0340291 0.0136215 0.0606425 0.0192988 0.0417528 0.0684873 0.0217819 0.0160608 0.0366781 0.0622986 0.0486366 0.0270833 0.0332647 0.0476794 0.036871 0.0302171 0.031337 0.0310989 0.0286925 0.0907725 0.00165211 0.0145528 0.0227764 0.0382964 0.037839 0.019192 0.0153287 0.0325918 0.00768614 0.00723334 0.00469699 </Prior>
<Mean>
-26.9769 -4.21057 0.734008 11.1176 5.13425 14.0983 2.08259 4.63691 4.12538 3.95576 0.683628 0.706547 -5.04705 -358.266 32.9324 -2.77992 25.2305 -5.88322 28.1362 -3.70494 18.7343 2.04094 17.8252 0.535511 15.9026 -5.40412 
5.68053 9.22682 9.91536 3.07693 -6.18105 -4.73995 -1.66756 -0.288253 0.896508 -2.47299 -3.63457 -5.10884 0.72836 -350.246 32.9593 -3.12402 24.5645 -5.65677 27.9595 -4.18749 17.8383 2.19596 17.5505 1.08657 16.0046 -5.41179 
56.078 8.59786 5.51328 -4.05194 -1.41724 -8.46617 0.144039 -5.25863 -4.04657 -5.17207 -3.01396 -5.67916 0.150679 -295.966 35.6831 -3.07135 19.9087 -3.13224 18.6775 -3.8624 15.306 -0.729311 14.257 -1.09331 14.1609 -3.13031 
38.9817 6.53078 4.71413 -6.41432 -5.35443 -15.9974 1.18793 0.195241 -2.69821 -2.32598 -3.74443 -4.05659 4.72027 -349.045 33.3961 -2.85357 24.2535 -5.87388 26.8793 -4.04427 17.9636 2.08567 17.6876 0.562472 15.5227 -5.20434 
-2.14777 -0.657562 -1.01909 0.691937 1.17115 2.08955 -0.149102 0.869935 1.29811 0.94727 0.577385 0.794997 -0.518601 -297.626 34.9316 -3.63007 19.4885 -3.69164 18.7554 -3.73024 15.5436 -0.58898 14.3686 -0.988817 14.4999 -2.89127 
-30.9619 -3.7112 -0.977405 6.8771 2.43219 11.8791 2.13355 4.42937 4.39782 4.25035 1.53445 1.3628 -3.38712 -348.301 33.1816 -3.4761 23.1438 -5.96724 26.3816 -3.91833 17.9064 2.10194 17.4993 0.697065 15.6565 -4.83081 
-33.5266 -6.85399 -3.74017 4.45781 -0.318314 8.74546 -0.92331 2.06127 2.73835 3.76582 1.56219 2.17478 -1.84504 -348.396 33.5685 -2.78837 24.1143 -5.73177 26.7315 -3.98507 17.7476 1.68902 17.3504 0.641967 15.6314 -5.02774 
-0.263982 -1.8214 0.0981425 4.63475 2.14315 2.34201 -2.09257 -0.708124 -0.907504 0.252939 -0.238958 1.17918 -0.935078 -350.377 34.5176 -2.81821 23.28 -5.21349 26.3243 -3.18857 18.1215 1.47205 17.4284 0.571804 15.6708 -4.65071 
30.6315 8.62217 4.2045 -6.0884 -1.75964 -10.3725 -0.391682 -2.7751 -1.50965 -3.25876 -1.65931 -2.91254 1.951 -367.144 42.0422 0.888859 21.3878 -6.70412 26.4916 -3.18711 17.4977 2.95897 15.8456 1.46983 15.0478 -3.81954 
49.342 4.87303 2.44599 -8.46973 -1.38153 -14.7425 3.6513 -0.849518 -5.46277 -4.62584 -2.53318 -1.40081 6.52023 -349.331 33.107 -3.10448 24.1143 -5.92548 26.9265 -3.76128 18.4902 2.3514 17.691 0.347504 15.2195 -5.52385 
54.8636 -0.0630155 -1.76615 -7.71286 0.798138 -16.2849 1.98886 0.665901 -5.74914 -1.10338 -0.94138 0.385893 3.10925 -348.96 33.672 -2.38153 24.3223 -6.16127 27.0535 -3.65301 18.1086 2.01722 17.0351 0.193018 15.3401 -4.96376 
30.7745 8.95646 -2.95946 -14.5115 9.37659 2.65473 0.899327 -13.0669 -2.03825 -8.36123 4.06554 -2.38436 -1.95556 -347.025 33.345 -3.1457 23.7092 -5.281 26.8031 -4.01576 17.5293 1.97631 17.6654 0.742887 15.5205 -5.29026 
-26.8847 -2.52676 -0.842235 3.23488 -1.33119 5.87008 -0.0265251 0.872253 0.0533448 1.97198 1.20683 1.22877 -0.286176 -336.744 34.8343 -2.37671 22.3036 -5.41781 24.2411 -2.58767 16.4862 -1.25219 16.1689 0.216208 14.7939 -3.4566 
-30.2517 -6.44606 -4.11114 3.56096 0.0943345 6.87744 -0.526963 2.69605 2.86942 4.15204 1.82676 2.97549 -1.40302 -333.048 32.639 -4.69448 20.8536 -4.61038 24.1428 -3.25942 17.5758 1.70912 16.8499 0.50067 15.6862 -4.11349 
-17.4692 -3.01298 1.44536 8.57124 0.349497 7.22449 -3.05786 -0.655859 0.0510571 0.969207 0.246789 1.31009 -1.57426 -347.289 32.8219 -3.68693 23.5642 -5.16349 26.9614 -3.54326 18.1463 2.06095 17.5751 0.590835 15.5139 -5.28974 
21.9453 8.02004 7.63317 -1.47677 -6.43502 -11.9209 -0.845571 -0.427448 -1.6623 -2.07549 -4.65511 -4.96815 3.33784 -348.98 33.8204 -2.56029 24.4277 -5.46338 27.5234 -3.77248 17.9327 2.15625 17.2051 0.365203 15.2959 -5.44876 
55.8944 5.80292 3.90227 -6.5122 -0.0631797 -17.0625 2.02079 -1.33114 -6.66428 -4.44724 -3.81334 -1.70867 5.62056 -347.97 33.8862 -2.59101 23.844 -5.85801 26.8975 -4.04075 17.6095 2.143 17.0742 0.551862 15.334 -4.63607 
58.7991 1.49015 -3.76816 -9.05044 7.17751 -12.5041 1.56754 -5.16897 -8.89909 -1.78853 1.25566 0.56726 1.45758 -347.485 32.4337 -2.84907 24.5097 -6.87893 26.0774 -3.16576 19.1862 1.46453 18.1018 0.224103 15.5993 -4.68266 
43.1454 8.44709 -3.30476 -14.2502 9.3887 -5.321 -0.548237 -7.92656 0.303232 -9.46111 0.199667 -0.910426 1.24326 -344.455 32.6707 -3.81781 24.0145 -4.58994 26.2541 -3.6982 17.6143 0.526367 18.1818 1.26203 16.2521 -5.21745 
-26.3149 -11.7538 -5.84249 6.70519 1.22467 8.90752 -0.0665236 4.12513 1.97967 4.84456 1.06433 2.59226 -2.93009 -350.16 35.2018 -1.74717 24.0593 -6.00633 26.1869 -4.40795 17.3811 1.62174 17.1894 0.687349 15.5717 -5.14326 
-41.2514 -3.34305 -1.02077 5.20231 -1.51044 8.75446 -0.844414 2.3587 2.89886 3.54289 1.61376 2.21521 -1.93717 -345.804 33.3817 -3.12974 23.4559 -5.53247 26.6267 -3.59734 17.8643 1.80482 17.0065 0.448223 15.3923 -4.9547 
-171.736 -18.8955 -2.07585 8.52499 1.38537 11.3672 2.17354 9.94792 5.49851 9.06538 4.67312 9.77735 1.97075 -305.968 32.3564 -3.41733 20.9265 -4.66498 20.6681 -4.22231 16.0178 0.316393 15.5206 -1.63852 14.3206 -2.48006 
-31.3153 -10.1702 -5.06475 5.75278 1.01205 10.0886 1.05772 3.91673 1.68181 3.62906 1.60775 2.93709 -1.90175 -366.504 42.0009 0.739805 21.1484 -6.73953 26.2787 -3.11608 17.5913 2.97031 15.7222 1.27492 14.9752 -3.7262 
21.3822 6.61699 2.32591 -6.85203 -1.53733 -5.8064 2.36644 0.63751 1.77202 -7.52486 -3.76279 -4.62399 1.37654 -340.269 34.7519 -3.07252 22.0948 -3.96547 24.7208 -4.23278 16.5945 1.38476 15.7764 0.361461 16.3005 -3.76313 
-48.9633 -4.49789 -0.918055 7.26326 -1.77384 10.9198 -1.39729 2.74088 3.41013 4.16584 1.77599 2.39274 -2.74659 -356.186 32.8965 -2.53754 25.9268 -6.38408 28.5799 -4.17301 18.4718 2.26819 17.9313 0.442639 15.7801 -5.59737 
-44.0493 -7.69511 -4.71169 4.35088 -1.19907 9.31168 -0.650337 3.22568 3.97403 5.05964 2.94694 3.60991 -1.67876 -348.2 32.6458 -3.49263 23.6949 -5.75131 26.9037 -3.34339 18.1164 1.7835 17.7556 0.5621 15.6606 -4.85703 
-63.8213 -5.69701 -2.26031 8.03286 -1.89301 10.3254 -1.46774 4.58465 3.44027 6.05812 2.08748 4.12152 -2.84339 -347.639 33.2938 -3.06221 24.2269 -5.54929 27.2895 -3.77142 17.8951 2.02408 17.111 0.168255 15.2163 -5.34659 
10.4338 -1.14719 -3.48257 -4.75292 -0.288638 2.73776 2.21146 0.416387 2.69349 -2.32031 -0.981982 -2.63022 -1.22985 -338.228 37.7846 0.0702363 22.3808 -7.02684 23.599 -2.68036 17.9569 1.02027 14.4221 -1.07198 12.9399 -5.06295 
-9.77887 3.90792 7.21858 7.44156 -4.4248 2.6834 -4.0594 -1.59252 0.89806 -0.632217 -0.370713 -1.1195 -0.785369 -348.63 32.3764 -3.69125 24.2766 -4.96579 27.7339 -3.88947 17.7624 1.69401 17.5841 0.926574 16.1033 -5.21184 
80.0403 5.73578 1.13149 -10.1379 4.91592 -19.2503 -0.627322 -2.93007 -1.62521 -5.41508 -3.83508 -3.78857 0.49423 -338.788 35.1881 -2.00892 22.4913 -5.50951 24.3571 -2.96351 16.3845 -0.790593 16.0636 0.568751 15.0061 -3.62036 
-9.67986 -4.46723 -3.66563 0.401266 0.804307 2.52941 -0.05194 1.41632 1.22976 1.88013 0.93567 2.10273 0.103151 -278.324 38.6778 -1.70053 18.5505 -1.89688 17.0965 -3.91887 13.8244 -0.969156 12.5452 -1.64727 12.3196 -3.5753 
-70.0944 -6.90641 -3.78263 4.93382 -2.09251 7.23172 0.0287084 5.15108 1.62144 4.76314 2.12045 5.5035 0.356338 -284.98 37.1371 -3.54426 19.038 -2.08376 17.4641 -3.57915 14.4943 -1.30043 13.7186 -1.03914 13.7825 -3.53544 
</Mean>
<Variance>
69.517 3.73467 2.35434 4.65339 3.6975 4.12 1.38325 2.85668 3.78262 2.72656 2.71134 2.35037 2.35134 104.964 3.41832 1.85834 3.32565 3.4174 3.15316 1.23748 2.04092 1.36218 1.5309 1.38385 1.36837 1.57973 
54.8274 8.90686 4.29002 4.56096 3.34923 8.62373 2.73273 2.24269 3.65201 2.70184 2.12843 2.47812 3.01572 31.9518 2.65711 2.1753 2.03029 1.65691 3.61769 1.01777 1.01264 1.44741 1.16515 1.01731 0.979717 1.32109 
154.125 10.9373 10.1127 41.3211 38.8751 55.8203 9.5594 29.6103 17.9434 17.8838 7.31968 5.89054 15.084 8.15871 2.08663 1.76245 1.47533 2.69056 3.26186 1.4558 1.35142 2.25493 1.10748 1.12506 0.84801 1.31812 
50.7614 5.67156 3.67009 5.03734 5.62638 4.58046 3.2304 2.04356 3.61721 5.54404 2.09495 2.21559 2.95981 25.2495 2.56379 1.85644 2.77876 1.82755 3.13514 1.12124 1.01818 1.24379 1.5526 1.15663 1.20784 1.49036 
289.74 14.4852 8.57345 14.2201 10.0543 6.47197 3.5262 3.27834 4.36358 4.50193 3.56667 4.85699 3.31662 112.352 7.43736 3.413 4.71116 4.33819 2.29328 2.0716 1.36727 2.17868 2.71623 1.26147 1.34992 1.31214 
63.4053 6.28188 2.85374 4.14727 4.94992 3.13625 2.67268 2.03339 3.05373 2.52578 2.73752 2.45896 2.06472 21.1008 2.78646 1.56058 2.40747 1.39663 2.30003 1.30717 1.43498 1.88561 1.53946 1.39856 1.45136 1.14886 
37.0792 3.14756 1.52735 3.57819 4.4022 4.08696 2.7239 3.0533 2.83018 3.0798 2.51385 2.12423 2.26968 30.7527 3.97056 2.2126 2.2683 2.48133 2.33176 1.29873 1.57234 1.42799 1.36574 1.2685 0.981744 1.371 
237.14 14.2213 11.7377 11.3532 6.6022 24.5703 5.26305 4.72895 6.83796 3.0648 3.76913 3.59403 4.27813 181.459 17.8661 8.82159 5.85223 5.70484 6.55276 2.40829 1.51308 3.91106 1.83001 1.86264 1.87392 2.84956 
247.039 7.65692 13.3524 28.2525 13.0423 65.3537 8.70101 14.9564 5.51947 7.139 6.79259 5.11821 7.09554 6.3004 1.84022 0.899928 1.84372 1.17023 1.70446 0.804376 1.42847 0.961906 0.987036 0.911232 0.874194 1.1377 
63.4138 8.23894 3.3335 7.26174 6.64422 5.23916 3.42351 5.36954 6.16413 3.21165 4.87301 4.39668 4.61642 47.2054 4.14565 2.36627 3.23934 1.89858 4.80846 1.14845 1.07163 1.0625 1.19877 1.01788 0.882415 1.32779 
52.8337 4.86166 3.8659 5.02928 7.3661 4.90294 2.93058 2.57622 3.18285 5.18945 4.1781 3.22151 3.67472 17.0554 1.92705 1.43149 2.09703 1.62093 2.38809 1.04575 1.11267 1.49922 1.84606 1.48671 1.07166 1.32003 
65.3207 7.04249 2.9074 8.69098 4.1795 7.60217 2.72337 5.16858 3.4833 4.61848 2.60556 2.85078 5.22045 35.5877 2.53018 1.79945 2.71475 2.58881 4.65454 1.46539 1.59984 1.91481 1.84291 1.25898 1.31306 2.03531 
55.6135 6.62487 3.9502 3.40595 3.09153 3.7839 2.19754 1.85009 3.03647 2.07329 1.7882 1.97002 1.56434 13.9722 2.6781 1.51393 1.57819 1.4596 1.47951 0.928332 0.815496 1.20951 0.785742 0.837471 0.747273 0.729127 
152.852 10.9621 5.93131 6.53597 5.96818 5.64982 3.7504 3.2577 3.63743 3.67814 2.59612 2.7144 2.30406 65.0394 6.14764 2.61755 4.1833 2.29975 3.60832 2.22149 1.81364 1.98924 2.44962 1.50729 1.98272 1.63552 
32.4517 7.5995 5.68179 4.32722 4.8321 4.42723 2.82141 2.9596 2.24766 3.05651 2.26492 2.05627 2.18769 16.9363 1.97573 1.49304 1.77441 2.02957 2.51813 1.04389 0.845063 1.35682 1.35238 0.970263 0.992746 1.03081 
26.4758 5.91881 3.43675 4.5522 4.28299 5.78532 2.11746 2.38095 2.26259 2.9798 2.71478 2.26544 2.78594 38.6834 2.17271 1.72664 3.17879 1.55305 4.49943 1.2155 1.30763 1.12165 1.11437 0.895564 0.903494 1.63607 
22.6474 4.63264 2.14374 3.91413 5.43808 3.99564 2.68158 2.05904 1.89164 3.68161 1.62658 0.891654 2.61106 16.1631 2.29508 1.45538 1.54496 1.15264 1.36046 0.930324 0.930234 1.08056 1.2159 0.582823 0.548254 0.768074 
48.7153 4.00137 2.9161 3.78734 8.11588 5.07878 3.23807 4.77552 2.89428 5.21952 2.42441 2.3548 4.34004 34.715 2.20565 1.41252 4.18473 1.49823 3.49726 1.44359 1.2422 4.02203 2.16106 1.16593 1.18454 1.48325 
161.634 11.737 9.88672 11.0302 15.041 17.5006 5.72212 12.5576 9.49328 9.32497 9.30009 3.31411 5.78324 68.4663 6.62019 3.44519 6.28957 6.10058 18.4167 2.43709 7.05039 5.15304 2.852 3.04997 1.6868 2.232 
139.291 11.0976 5.60407 6.40941 4.2653 7.04908 3.4665 4.01632 3.47444 4.57764 2.75486 3.72445 2.62061 30.2598 4.32895 1.73291 2.22644 2.015 3.18316 1.09551 1.33846 1.16779 2.12623 1.00239 1.39374 1.53867 
40.5708 4.98072 2.371 3.80849 4.21293 3.01828 1.93638 2.27623 2.68827 2.60234 2.13695 2.02604 2.24001 41.3435 4.53998 2.52647 2.46201 2.37246 2.4904 1.48968 1.34834 1.85845 1.75211 1.27133 1.28434 1.24143 
16.0175 0.582215 4.16796 1.56695 1.50289 1.76132 2.45477 0.497766 1.83698 0.466913 1.88558 1.5638 0.539002 2038.57 38.1416 7.48076 17.4274 10.2418 6.52663 1.39215 8.15124 1.67101 4.44425 1.00062 3.55982 0.484887 
25.1601 7.77456 3.91923 4.22688 5.13972 4.47973 4.52969 4.29797 3.40379 2.64637 2.13588 1.65829 1.62023 4.04637 1.87716 1.03573 1.60716 1.35939 1.1597 1.16655 1.18681 1.13711 0.882365 1.00801 0.67869 0.824172 
159.311 8.35895 4.33648 9.25564 8.55967 17.3544 2.53882 5.35012 7.22147 9.67327 4.36839 5.02243 5.79502 25.6131 2.49081 2.4362 2.33464 2.00327 3.44421 1.43084 1.21834 1.71323 1.43511 1.10453 1.47498 1.29551 
71.6473 8.54702 4.7416 4.97594 5.63307 4.19568 2.41427 2.83585 3.91417 3.26165 2.38966 1.979 2.60388 68.1192 6.38579 3.24373 2.28025 2.82643 1.97009 1.34859 1.6194 1.58755 1.61628 1.34462 1.08505 1.48439 
87.9594 8.00592 3.79515 6.02165 6.92398 4.71058 3.98102 3.20778 3.83928 2.37252 1.64605 1.22712 1.89511 26.7257 3.56326 2.31478 2.01226 2.67323 3.00613 0.663922 1.31125 1.7591 1.86818 1.23768 1.26709 1.4386 
234.456 25.3843 13.448 10.4654 6.60769 7.63928 4.42708 4.58347 3.1704 2.34789 2.92266 2.6924 2.0744 68.3414 4.60434 3.1737 3.4624 2.38305 2.25673 1.36391 1.70922 1.66322 1.44267 1.08463 1.39256 1.54413 
131.911 21.8088 16.3039 6.79908 15.8439 9.53511 3.78088 5.24747 5.49482 10.5562 5.83621 8.36785 3.74631 168.963 7.86565 5.01355 8.02362 3.50631 3.34861 1.4591 2.96429 2.28544 2.94157 1.55013 2.336 1.88548 
52.575 7.01519 4.21622 5.78347 4.60791 7.43169 2.51283 2.03519 2.47415 2.58888 1.94109 1.99718 2.34714 36.7128 3.94686 3.46521 3.41846 2.8007 3.90613 1.74501 1.63862 1.78126 1.2529 1.15575 1.09966 1.65647 
426.572 20.7219 32.4864 34.5056 49.4155 25.3755 19.8514 5.97716 23.9458 8.64028 7.22353 9.54708 14.9956 26.5113 1.24961 0.855924 2.38979 3.06496 3.28991 1.39192 1.23674 2.1509 0.805442 0.840471 1.13079 0.624895 
143.891 26.1366 12.4215 9.49022 8.69805 7.75748 3.7728 3.56181 5.15914 5.82735 5.80653 4.51194 3.37559 588.623 20.9114 3.43471 6.5582 5.1628 8.3594 1.63932 3.7088 4.18945 2.39679 2.5325 1.50157 1.80876 
446.271 59.3357 9.30079 7.05131 15.096 9.44957 5.75298 6.56209 5.33344 5.8373 3.1966 3.65703 3.89878 2164.84 22.851 5.2836 12.1841 3.95821 7.95113 3.40476 7.92211 2.49741 5.87312 3.15746 9.27854 1.42593 
</Variance>
</GMM>
