<GMM>
<DimNum> 26 </DimNum>
<MixNum> 32 </MixNum>
<Prior> 0.00779023 0.0641089 0.0376683 0.0546458 0.029574 0.0449461 0.0342645 0.0111097 0.0483302 0.0181091 0.0170812 0.0115684 0.0250822 0.0111793 0.0393281 0.0309397 0.0150868 0.0373264 0.0440455 0.0302605 0.0319551 0.00456284 0.0701777 0.0492087 0.0501215 0.0117085 0.0369151 0.0139245 0.0295058 0.0380766 0.0290383 0.0223602 </Prior>
<Mean>
-301.369 51.7379 3.31012 29.3937 -3.16984 21.038 -4.98058 13.7614 -6.40546 12.563 -5.32347 11.7202 -7.51911 -301.048 51.5934 3.29037 29.3807 -3.15746 21.0333 -4.96575 13.756 -6.40771 12.5615 -5.31198 11.7198 -7.52236 
5.07055 -3.56062 -1.64291 0.727113 0.214476 2.05059 1.16591 0.649095 -1.42463 -0.409709 1.00522 0.590809 -0.739301 -349.433 59.7753 7.08475 16.9029 -2.92977 23.8198 3.60917 12.6906 -4.7332 15.2328 -2.76522 9.22362 -3.61343 
-26.8545 -1.48098 1.75112 4.43894 0.715532 2.75128 0.159365 1.86827 -0.421871 0.638985 -0.381716 0.725978 -0.880466 -285.022 47.0439 1.00812 24.3313 -5.27198 20.1747 -4.48857 15.7985 -4.30609 12.3377 -3.44814 13.5409 -5.76418 
0.52839 1.60073 1.28991 0.396237 -3.09835 -3.12659 -1.83432 0.939585 1.75429 0.860254 0.328657 -0.700122 -0.349559 -340.65 54.9783 9.72608 33.1521 -6.23772 19.9163 -4.54533 18.9006 -11.4648 15.2489 -7.48522 14.6031 -6.63114 
-96.4068 7.62041 6.97543 12.5406 1.73957 7.37475 0.788971 4.17042 -2.25194 3.55769 -1.59164 1.84967 -3.35652 -325.072 52.1444 3.54077 31.688 -5.25597 23.6222 -3.92359 16.5826 -10.1151 14.8724 -5.05736 13.5045 -9.24631 
50.7807 -5.51623 -5.6856 -5.80318 3.23772 0.696336 1.62544 -3.79403 -0.358251 -3.4959 0.227175 -1.29096 0.59082 -333.439 54.1405 9.91842 32.161 -6.014 20.0424 -4.23974 17.6769 -12.2158 14.6355 -7.63271 13.905 -6.20623 
31.7935 -5.80628 -3.07229 -3.27356 -0.24606 -1.27479 0.489533 -1.69195 -0.242155 -0.695535 1.00065 -0.977363 0.944296 -418.777 58.1118 12.5222 31.4129 -8.35998 28.5115 -9.11222 17.3049 2.49997 12.5159 -1.00571 14.6298 -5.99403 
-79.2884 12.7619 8.1262 4.63125 -3.71586 0.822599 -2.21107 4.60029 3.69562 -1.07493 -2.1077 2.47489 1.44952 -327.901 62.6252 13.5019 25.6627 -8.81327 18.3298 -5.39817 14.6625 -3.14288 9.33477 -7.65764 11.4597 -2.94251 
65.5429 -13.0124 -3.77714 -3.59522 -0.723394 -1.84258 0.0141317 -2.40692 -1.23307 -1.69411 1.65392 -0.691036 1.85372 -314.979 63.1448 3.26275 25.9765 -4.81298 19.6822 -6.70368 9.28635 -3.76873 13.6082 -5.30352 9.9405 -7.30475 
49.6902 -8.06244 -5.07775 -2.80449 2.29583 -0.488612 1.33173 -2.9175 -2.40047 0.669845 1.28102 -1.52459 -0.875166 -326.498 62.7076 13.3601 25.3533 -8.83169 18.1899 -5.31159 14.5789 -3.19061 9.38051 -7.51824 11.3951 -3.01439 
-80.8332 13.5264 7.78501 8.19354 1.47101 3.6379 -1.264 4.28567 0.393626 2.0902 -1.49325 1.94243 -3.32239 -400.025 55.1264 11.3166 32.6387 -6.88394 29.8363 -8.15718 17.0077 -0.131847 13.3841 -0.72077 13.4034 -7.16774 
-127.989 11.3322 11.9818 12.9523 2.65928 7.44215 1.87572 5.7157 -4.57562 6.21549 -1.39447 4.98473 -0.265817 -336.102 53.8558 9.78426 32.1939 -5.66587 20.8011 -3.91057 16.7623 -12.7211 14.6466 -7.46264 14.1349 -5.92238 
-1.74045 -0.0908776 -0.0927357 0.253689 0.139655 0.217196 0.146509 0.0406502 -0.0451731 -0.103209 -0.0367166 0.081163 -0.103507 -279.963 57.6365 -0.423479 30.124 -4.26671 15.2133 -5.29551 15.8117 -10.1174 10.9785 -7.14271 11.4401 -11.7925 
-135.889 19.8115 9.05072 7.78231 1.42215 6.62082 1.57242 4.04292 -0.868291 5.35615 -0.219758 3.91717 -1.43172 -375.27 61.2042 9.38202 23.6322 -1.93439 26.9369 2.13333 15.7229 -6.25617 11.9737 -4.90158 13.1421 -4.1278 
40.6074 -3.35056 -1.11437 -4.11668 -0.455388 -2.95007 -0.472803 -2.43235 1.50952 -1.52177 0.689628 -1.33184 1.30531 -319.866 50.9407 4.85818 28.8195 -2.49905 21.8836 -1.48858 18.9563 -9.82415 13.1017 -5.72979 13.1918 -8.5167 
49.9847 1.83549 -2.54405 -8.99851 -1.69327 -5.53353 -0.253499 -2.95363 1.75285 -1.32787 0.786748 -2.04114 1.39423 -286.804 49.1958 1.05402 24.4797 -5.7196 19.3838 -4.98071 14.4614 -5.05633 12.5322 -4.0216 12.6067 -6.10763 
-182.566 7.48236 9.6016 16.9971 -0.808453 14.2945 -0.542047 8.14055 0.82821 7.44341 -0.260078 5.9652 -1.41747 -376.896 54.792 9.27472 31.9209 -6.31241 27.43 -5.90408 16.2923 -3.50221 15.786 -4.2496 13.7572 -5.81972 
35.6777 -4.06731 -2.75127 -4.44517 0.211359 -2.27043 -0.155122 -1.2575 0.0631544 -1.0652 0.743021 -0.389862 1.26411 -322.186 55.5409 2.42406 31.771 -8.69429 22.5499 -4.05648 14.4666 -9.68553 13.3985 -5.64052 12.8238 -9.18336 
17.2103 -0.49261 -0.995558 -1.85607 0.190623 -1.44611 0.306631 -0.614271 -0.183326 -0.925447 -0.0410087 -0.340683 0.329536 -379.212 51.1147 9.95723 36.4519 -5.6015 30.2025 -8.32609 14.2696 -4.32836 18.7147 -3.32554 11.8412 -7.67105 
51.8095 -0.956259 -0.91628 -5.92531 -0.807008 -6.02349 -0.124274 -2.78969 0.336128 -1.31266 1.25812 -1.11996 0.560725 -282.059 39.9876 4.02014 28.8557 -0.333839 25.1983 -2.76312 13.2343 -5.1313 8.41934 -6.74904 8.61351 -5.83662 
50.4468 -7.91099 -3.2103 -2.40667 -0.463864 -2.27725 -0.710454 -1.47806 0.156062 -2.46496 0.0719084 -1.23896 0.625508 -367.806 60.4785 8.69723 22.9812 -2.07899 26.0916 1.84156 15.4951 -6.26793 11.8527 -4.88534 13.1647 -3.97626 
-191.352 -0.303662 6.0809 20.1146 -2.33725 14.2052 1.80199 10.9735 -4.63839 8.47434 -1.45916 7.90089 -2.5093 -316.136 54.3697 5.59893 31.1469 -7.228 20.7342 -4.10193 16.4397 -10.5229 13.4824 -7.00657 12.8641 -7.79813 
25.2068 -1.7414 -1.62638 -2.14588 -0.581922 -1.78966 -0.0339287 -1.01368 -0.126437 -1.07458 0.11473 -0.648686 0.216833 -368.822 53.7722 8.12575 31.7789 -3.16193 27.9399 -5.67861 15.1692 -5.89261 16.8028 -3.66628 13.8033 -5.92975 
25.5673 -2.06206 -1.45448 -3.32112 -0.259794 -2.27478 0.321777 -1.07138 0.51195 -1.39654 0.118186 -0.759246 0.866407 -333.017 50.0498 3.61062 33.0922 -3.72225 25.9857 -4.87309 15.9561 -10.5436 17.5156 -3.77875 14.1188 -9.77892 
34.8164 -0.540497 -4.72618 -2.05632 -0.820013 -2.56382 -0.685386 -1.60513 -0.541015 -0.985876 0.0982895 -0.836032 0.470424 -352.432 43.3377 13.0096 22.0371 -0.265407 22.2933 -0.522355 17.6627 -2.22045 13.7547 -4.72287 11.8511 -5.4158 
-78.3716 -4.71664 1.2669 8.28487 2.6275 11.1735 1.33161 4.62076 0.350537 1.32466 -1.94923 1.02908 -0.222841 -280.564 39.8066 4.17388 26.2696 0.740423 24.3088 -2.34203 13.2194 -4.59042 7.95812 -7.14989 8.25119 -5.45477 
4.96693 -0.499448 -0.192465 -0.323599 -0.0366438 -0.224837 0.0621224 -0.138954 -0.0667931 -0.310395 0.0590309 -0.146049 0.0197625 -396.159 65.9856 6.30776 32.1387 -1.28073 24.4879 -7.33534 17.1327 -4.99197 19.7443 -7.67822 15.2654 -7.45419 
31.3094 -3.40487 -2.19612 -2.89698 0.948909 -2.7675 0.209775 -1.74269 -0.471484 -0.339698 -0.458789 -0.866587 0.995011 -366.271 47.3937 12.7536 32.7587 -17.0825 34.513 -5.86811 17.7612 3.24562 7.57876 -1.93199 11.1463 -5.86915 
-80.0951 14.6618 5.56474 4.83056 1.68633 2.1321 0.48543 3.01198 1.82733 1.81072 -2.17334 0.655315 -2.32811 -317.288 63.1248 3.25701 26.3537 -4.6362 20.0584 -6.70181 9.41844 -3.90293 13.769 -5.29108 10.0454 -7.40374 
-77.2854 5.87053 8.44734 5.40909 1.49598 4.91516 0.777667 3.23206 0.660942 3.14097 -0.920507 1.48575 -1.2806 -328.609 47.6842 8.41672 22.548 -2.44182 20.8391 -2.53299 14.8968 -2.55566 14.0191 -4.83849 11.329 -5.23283 
2.79807 -0.0812727 0.00249335 -0.185974 0.0453802 -0.155617 0.0142576 -0.178511 -0.00429201 -0.138779 0.00124173 -0.126036 0.0222105 -368.107 48.302 -4.70118 30.4666 -5.38068 25.0355 -5.73546 23.7702 -4.67924 20.1981 -5.04832 17.6082 -6.59652 
-5.89171 8.65896 4.07722 -2.79291 -0.660165 -6.27217 -3.37407 -2.18909 4.21223 0.745402 -2.58915 -1.81167 2.3391 -347.233 59.2471 6.86331 16.6825 -3.00244 23.891 3.67071 12.6883 -4.63004 14.9349 -2.71534 9.16368 -3.52897 
</Mean>
<Variance>
789.279 65.089 2.06684 12.5668 4.09398 3.93799 6.31486 16.5871 6.13615 5.79849 2.17333 3.56488 1.78627 803.85 72.2925 2.03051 12.7858 4.13071 3.99942 6.27567 16.7341 6.28421 5.8058 2.34857 3.61245 1.83659 
5149.9 286.399 54.3627 60.9327 24.2836 23.9484 8.94258 17.7508 16.1367 30.772 17.1752 8.65118 12.0187 39.7827 6.71965 2.54882 2.39842 2.07706 1.74475 1.15998 1.12691 1.40905 1.59358 1.37126 1.36119 1.48833 
628.927 31.1568 19.8855 15.7285 8.15469 7.50218 6.13698 5.61609 5.17148 6.21245 4.85427 4.73623 3.4942 192.761 12.7012 3.32214 7.88207 8.11938 10.1667 7.3359 3.78039 2.60896 3.92902 2.93651 3.23491 1.65129 
1991.16 100.475 37.4989 80.1857 40.7661 26.3939 24.5612 20.3018 23.4066 21.3481 14.0125 10.8445 13.6878 533.946 13.9283 7.14327 8.0228 4.00459 4.18935 2.84998 8.26426 5.77765 3.82558 3.20075 3.58964 2.64619 
964.499 48.6159 23.4748 22.7744 12.747 15.2859 12.9858 10.3587 14.5653 9.23887 8.01247 7.05895 6.06871 158.141 11.8683 4.00383 11.657 11.7831 6.25688 12.5288 6.09206 5.60116 5.8091 4.00051 2.46571 1.94993 
795.129 64.3565 21.8776 20.7021 27.9238 19.4898 6.52824 13.5295 10.7957 10.0384 9.05359 11.8004 11.3909 174.182 6.61703 4.26661 4.00134 1.73636 2.20855 0.747998 10.605 1.09426 1.73268 1.83457 1.23148 1.62831 
499.778 83.8362 19.3148 35.1702 28.1808 17.3033 17.3719 8.78797 11.6786 21.6228 9.38361 9.16632 9.66937 103.104 16.4267 4.48297 7.36116 8.57998 1.65929 7.82799 0.93636 2.14689 1.71943 5.92623 1.51998 7.65402 
2735.73 63.601 48.2297 62.717 19.6162 56.5187 13.5775 12.3179 12.4664 12.9054 14.8717 11.268 9.2016 146.799 6.75935 3.54735 5.17834 2.80616 5.0919 1.97572 1.99004 2.16832 1.8473 1.90758 2.01142 1.75064 
1334.93 118.614 22.1178 35.2919 14.3165 25.3405 12.1738 14.6895 11.5903 14.441 10.7295 13.0789 11.261 44.7816 11.3402 5.12716 3.74023 1.56142 1.30331 1.04151 1.52863 1.76006 1.63394 1.71959 2.1109 1.65505 
474.951 52.6257 15.4838 31.8264 16.7135 28.7858 14.8495 16.3615 9.79643 23.2068 15.507 13.9604 9.33025 25.9712 7.51856 4.23831 2.77618 1.77036 1.46748 1.03101 1.17167 1.18796 1.41434 1.44303 1.37185 1.19326 
814.835 43.0923 14.3873 25.0712 10.7978 20.1822 11.3579 8.56393 9.13685 7.89315 9.05615 5.94456 5.83274 458.52 7.85271 5.11981 6.66497 12.8314 5.27381 11.1502 2.71128 29.6588 13.094 3.49783 3.75346 2.72633 
218.046 11.4029 25.9606 9.97533 8.70431 14.5084 4.19786 6.7906 7.05228 5.19837 4.24598 3.51443 4.00953 145.262 2.9788 2.47869 3.92715 2.18807 2.91077 1.7879 11.4065 1.98487 1.97099 2.37904 1.45249 1.86157 
7852.05 159.384 52.8316 120.037 31.8825 35.9418 19.1541 35.4254 17.6102 32.8475 24.0415 17.4822 34.5627 168.329 5.10984 3.38798 4.93046 1.84755 1.81014 1.46842 2.28507 1.47944 1.91522 1.41216 1.70973 1.82407 
2993.97 67.1623 41.8103 76.7668 9.99174 63.4586 11.0845 7.77076 11.3552 6.46289 5.2783 6.89527 4.11061 95.4986 6.17447 2.18193 2.81129 1.89451 2.29367 1.36618 1.31557 1.72224 1.59623 1.17208 1.15985 1.13239 
2742.62 135.851 41.829 69.004 24.7381 21.8592 16.1014 17.6026 31.2221 20.7396 19.1436 21.5406 17.8303 23.7573 4.59986 2.8711 2.56717 1.89108 1.39739 0.950478 0.986834 1.10886 1.2414 1.16366 1.12088 1.28588 
2379.04 176.259 54.3739 65.2488 25.0134 28.7909 20.8202 24.4678 19.8118 22.4563 18.1479 14.5649 14.9226 679.827 45.8034 11.8964 19.6694 9.03661 14.9892 7.79403 10.7207 6.45005 5.47229 4.31675 5.63158 4.76321 
5292.58 145.951 41.7001 59.6587 44.5408 70.4568 13.7851 17.2957 18.5637 32.8269 11.5375 12.674 8.50656 1171.11 52.4842 21.5485 21.4567 22.8737 23.7927 9.62498 9.35377 19.7876 14.6495 4.61015 7.48274 6.68594 
1340.71 107.808 38.9615 38.2818 38.877 23.1208 19.68 15.3282 30.3514 18.1338 10.0771 8.90335 15.9332 89.2259 6.63005 3.31331 2.53734 1.48888 1.38707 0.777588 1.04432 1.10615 1.58072 1.19424 1.3425 1.30097 
927.423 57.6481 20.7392 19.6157 25.5497 9.99213 9.46558 8.05422 7.80541 12.5013 5.76905 6.34127 8.19204 14.5405 2.9177 1.56805 1.62198 1.37267 1.09968 0.75336 0.611437 0.83213 0.944194 0.782822 0.860639 0.903305 
2840.1 154.859 51.875 47.3802 37.954 34.8718 22.458 12.7067 20.2703 25.7592 17.0072 16.2652 15.523 429.328 11.2569 6.00092 17.6464 5.79858 32.2314 3.32211 4.14498 2.57751 3.26622 2.58534 2.50396 2.23003 
592.233 101.789 17.3155 28.7247 16.0894 17.2601 14.6849 11.2581 25.5857 18.1117 7.55459 8.35814 9.37211 27.7788 6.73125 3.05093 3.01449 1.87746 1.48849 0.91659 0.701646 1.05608 1.163 1.16074 1.19152 1.32004 
54.5473 2.72849 13.5341 1.93347 4.76215 4.38854 2.47851 6.79375 2.8401 1.87745 3.55926 2.02169 3.5329 14.5405 1.6304 12.645 1.07459 3.27582 3.27659 1.14957 6.11279 1.92182 1.01113 2.74389 1.02327 2.61837 
1046.46 75.3889 21.7517 26.8312 18.4353 14.3937 9.39474 11.9875 12.0816 18.6282 9.2491 9.91765 12.8631 210.576 11.9142 6.63977 9.35404 10.527 17.4002 5.58542 2.83395 7.09109 5.6237 4.30751 4.48948 4.59379 
1577.83 124.146 33.1031 37.5513 15.4414 22.3324 11.7755 10.3302 22.4065 14.1266 11.4073 12.7814 11.7824 84.0484 7.50503 2.84067 15.1754 8.95275 2.24921 24.9186 2.75373 9.39317 2.9698 4.65124 1.73738 1.65556 
1270.9 89.2359 43.0828 23.817 17.9916 20.3296 16.6054 13.6197 14.7447 13.2014 13.9802 10.9453 13.7659 1178.72 239.992 30.496 29.3779 23.5541 14.4316 5.45277 22.0874 25.738 5.60793 4.93186 5.25585 4.61763 
407.575 25.822 32.5501 17.0128 9.46106 41.3515 5.95829 4.96882 8.18068 4.10712 4.46143 4.03642 5.18777 79.9158 3.85607 1.305 7.80037 3.16385 44.0536 2.46139 1.41016 3.45019 1.6794 1.95097 1.25089 2.18767 
1288.45 91.382 26.9117 29.0935 22.1208 20.7635 10.29 10.7356 13.3797 23.8113 7.75066 7.436 9.42802 14.5405 14.8892 3.23893 2.77966 1.90978 4.69012 1.13189 1.36276 6.65867 2.41369 1.44543 1.67224 1.26631 
1278.7 60.4677 15.7398 16.6138 15.8718 15.8085 7.69579 11.8458 14.0459 12.4133 11.5722 8.83331 10.8843 183.949 35.9356 11.9762 43.7402 33.726 22.4633 18.779 8.12511 5.76001 6.05878 6.25443 2.73986 6.30046 
1649.14 70.2443 16.137 39.2286 19.2823 37.0312 11.6942 13.2429 14.4613 11.031 6.96067 10.005 6.22786 59.1013 7.25855 2.32672 3.41434 1.98077 2.40671 1.83685 2.37716 2.21701 1.49047 1.49451 1.88162 1.26686 
1287.53 123.77 61.1717 33.3537 20.1571 27.5099 15.6301 15.8291 17.3944 12.5526 9.00946 6.79223 7.05815 1712.71 187.675 42.436 37.1005 25.8123 22.7311 17.0013 18.9088 18.1091 11.0214 6.22597 7.11133 4.98647 
902.082 65.2682 23.0412 16.8348 10.5995 10.0113 8.71081 7.08369 8.57673 5.98929 5.72564 5.1658 6.41514 14.5405 2.00762 1.30815 1.63857 1.42818 1.55432 1.27375 1.2987 1.35225 1.39259 1.2082 1.1733 1.23149 
884.45 49.4552 16.7763 21.2637 15.7722 14.2258 8.47117 11.682 8.71403 20.99 7.74022 8.56062 10.5747 47.9907 4.82369 1.86863 2.64722 1.89956 1.89378 0.983319 1.08303 1.38445 1.4007 1.05943 1.09485 1.15922 
</Variance>
</GMM>
